Data for fields of degree 3, prime conductor < 10000 with curve 42a1
Curve label          ZZ(#Sha(E/K))        #Sha(E/K)            ell_chi              Field conductor      Field degree        
42a1                 1                    1.0000               1.0000               13                   3
42a1                 0                    -0.0000              -0.0000              19                   3
42a1                 1                    1.0000               64.0000              31                   3
42a1                 9                    9.0000               9.0000               37                   3
42a1                 0                    0.0000               0.0000               43                   3
42a1                 1                    1.0000               4.0000               61                   3
42a1                 1                    1.0000               4.0000               67                   3
42a1                 4                    4.0000               16.0000              73                   3
42a1                 25                   25.0000              25.0000              79                   3
42a1                 1                    1.0000               1.0000               97                   3
42a1                 9                    9.0000               36.0000              103                  3
42a1                 4                    4.0000               256.0000             109                  3
42a1                 1                    1.0000               64.0000              127                  3
42a1                 49                   49.0000              49.0000              139                  3
42a1                 1                    1.0000               4.0000               151                  3
42a1                 9                    9.0000               576.0000             157                  3
42a1                 144                  144.0000             144.0000             163                  3
42a1                 16                   16.0000              16.0000              181                  3
42a1                 9                    9.0000               36.0000              193                  3
42a1                 9                    9.0000               9.0000               199                  3
42a1                 81                   81.0000              81.0000              211                  3
42a1                 9                    9.0000               576.0000             223                  3
42a1                 16                   16.0000              1024.0000            229                  3
42a1                 81                   81.0000              81.0000              241                  3
42a1                 49                   49.0000              196.0000             271                  3
42a1                 9                    9.0000               576.0000             277                  3
42a1                 1                    1.0000               64.0000              283                  3
42a1                 1                    1.0000               256.0000             307                  3
42a1                 64                   64.0000              64.0000              313                  3
42a1                 0                    -0.0000              -0.0000              331                  3
42a1                 16                   16.0000              16.0000              337                  3
42a1                 16                   16.0000              16.0000              349                  3
42a1                 0                    -0.0000              -0.0000              367                  3
42a1                 256                  256.0000             256.0000             373                  3
42a1                 49                   49.0000              49.0000              379                  3
42a1                 16                   16.0000              1024.0000            397                  3
42a1                 9                    9.0000               9.0000               409                  3
42a1                 16                   16.0000              16.0000              421                  3
42a1                 9                    9.0000               576.0000             433                  3
42a1                 1                    1.0000               256.0000             439                  3
42a1                 1                    1.0000               64.0000              457                  3
42a1                 196                  196.0000             196.0000             463                  3
42a1                 0                    0.0000               0.0000               487                  3
42a1                 4                    4.0000               1024.0000            499                  3
42a1                 9                    9.0000               36.0000              523                  3
42a1                 64                   64.0000              64.0000              541                  3
42a1                 16                   16.0000              64.0000              547                  3
42a1                 64                   64.0000              64.0000              571                  3
42a1                 1                    1.0000               4.0000               577                  3
42a1                 36                   36.0000              2304.0000            601                  3
42a1                 64                   64.0000              64.0000              607                  3
42a1                 1                    1.0000               4.0000               613                  3
42a1                 49                   49.0000              196.0000             619                  3
42a1                 81                   81.0000              81.0000              631                  3
42a1                 0                    -0.0000              -0.0000              643                  3
42a1                 64                   64.0000              256.0000             661                  3
42a1                 36                   36.0000              36.0000              673                  3
42a1                 9                    9.0000               576.0000             691                  3
42a1                 1296                 1296.0000            1296.0000            709                  3
42a1                 4                    4.0000               1024.0000            727                  3
42a1                 1                    1.0000               64.0000              733                  3
42a1                 16                   16.0000              1024.0000            739                  3
42a1                 64                   64.0000              64.0000              751                  3
42a1                 25                   25.0000              100.0000             757                  3
42a1                 16                   16.0000              16.0000              769                  3
42a1                 121                  121.0000             484.0000             787                  3
42a1                 1                    1.0000               64.0000              811                  3
42a1                 25                   25.0000              25.0000              823                  3
42a1                 100                  100.0000             100.0000             829                  3
42a1                 0                    -0.0000              -0.0000              853                  3
42a1                 81                   81.0000              81.0000              859                  3
42a1                 121                  121.0000             121.0000             877                  3
42a1                 576                  576.0000             576.0000             883                  3
42a1                 529                  529.0000             529.0000             907                  3
42a1                 16                   16.0000              4096.0000            919                  3
42a1                 1296                 1296.0000            1296.0000            937                  3
42a1                 9                    9.0000               36.0000              967                  3
42a1                 9                    9.0000               36.0000              991                  3
42a1                 0                    0.0000               0.0000               997                  3
42a1                 0                    -0.0000              -0.0000              1009                 3
42a1                 1                    1.0000               256.0000             1021                 3
42a1                 100                  100.0000             100.0000             1033                 3
42a1                 49                   49.0000              49.0000              1039                 3
42a1                 4                    4.0000               256.0000             1051                 3
42a1                 441                  441.0000             441.0000             1063                 3
42a1                 9                    9.0000               576.0000             1069                 3
42a1                 16                   16.0000              16.0000              1087                 3
42a1                 1                    1.0000               256.0000             1093                 3
42a1                 1                    1.0000               4.0000               1117                 3
42a1                 0                    -0.0000              -0.0000              1123                 3
42a1                 169                  169.0000             169.0000             1129                 3
42a1                 2704                 2704.0000            2704.0000            1153                 3
42a1                 361                  361.0000             361.0000             1171                 3
42a1                 2304                 2304.0000            2304.0000            1201                 3
42a1                 25                   25.0000              25.0000              1213                 3
42a1                 289                  289.0000             289.0000             1231                 3
42a1                 729                  729.0000             729.0000             1237                 3
42a1                 49                   49.0000              196.0000             1249                 3
42a1                 225                  225.0000             225.0000             1279                 3
42a1                 441                  441.0000             441.0000             1291                 3
42a1                 225                  225.0000             225.0000             1297                 3
42a1                 1                    1.0000               4.0000               1303                 3
42a1                 225                  225.0000             900.0000             1321                 3
42a1                 1                    1.0000               64.0000              1327                 3
42a1                 289                  289.0000             289.0000             1381                 3
42a1                 4                    4.0000               1024.0000            1399                 3
42a1                 49                   49.0000              3136.0000            1423                 3
42a1                 9                    9.0000               9.0000               1429                 3
42a1                 484                  484.0000             484.0000             1447                 3
42a1                 1024                 1024.0000            1024.0000            1453                 3
42a1                 49                   49.0000              3136.0000            1459                 3
42a1                 289                  289.0000             18496.0000           1471                 3
42a1                 441                  441.0000             441.0000             1483                 3
42a1                 4096                 4096.0000            4096.0000            1489                 3
42a1                 0                    0.0000               0.0000               1531                 3
42a1                 0                    0.0000               0.0000               1543                 3
42a1                 49                   49.0000              196.0000             1549                 3
42a1                 289                  289.0000             289.0000             1567                 3
42a1                 9                    9.0000               576.0000             1579                 3
42a1                 1                    1.0000               256.0000             1597                 3
42a1                 1                    1.0000               4.0000               1609                 3
42a1                 225                  225.0000             900.0000             1621                 3
42a1                 16                   16.0000              1024.0000            1627                 3
42a1                 9                    9.0000               576.0000             1657                 3
42a1                 196                  196.0000             196.0000             1663                 3
42a1                 49                   49.0000              196.0000             1669                 3
42a1                 2401                 2401.0000            2401.0000            1693                 3
42a1                 64                   64.0000              4096.0000            1699                 3
42a1                 1                    1.0000               64.0000              1723                 3
42a1                 8464                 8464.0000            8464.0000            1741                 3
42a1                 9                    9.0000               9.0000               1747                 3
42a1                 49                   49.0000              3136.0000            1753                 3
42a1                 9                    9.0000               36.0000              1759                 3
42a1                 121                  121.0000             7744.0000            1777                 3
42a1                 1                    1.0000               4.0000               1783                 3
42a1                 1                    1.0000               64.0000              1789                 3
42a1                 100                  100.0000             6400.0000            1801                 3
42a1                 49                   49.0000              3136.0000            1831                 3
42a1                 9                    9.0000               36.0000              1861                 3
42a1                 1                    1.0000               4.0000               1867                 3
42a1                 49                   49.0000              49.0000              1873                 3
42a1                 144                  144.0000             576.0000             1879                 3
42a1                 0                    0.0000               0.0000               1933                 3
42a1                 1296                 1296.0000            1296.0000            1951                 3
42a1                 289                  289.0000             289.0000             1987                 3
42a1                 289                  289.0000             289.0000             1993                 3
42a1                 100                  100.0000             6400.0000            1999                 3
42a1                 1521                 1521.0000            1521.0000            2011                 3
42a1                 81                   81.0000              5184.0000            2017                 3
42a1                 0                    -0.0000              -0.0000              2029                 3
42a1                 324                  324.0000             324.0000             2053                 3
42a1                 225                  225.0000             225.0000             2083                 3
42a1                 36                   36.0000              2304.0000            2089                 3
42a1                 81                   81.0000              5184.0000            2113                 3
42a1                 576                  576.0000             2304.0000            2131                 3
42a1                 256                  256.0000             256.0000             2137                 3
42a1                 25                   25.0000              1600.0000            2143                 3
42a1                 81                   81.0000              81.0000              2161                 3
42a1                 0                    -0.0000              -0.0000              2179                 3
42a1                 64                   64.0000              16384.0000           2203                 3
42a1                 81                   81.0000              324.0000             2221                 3
42a1                 64                   64.0000              64.0000              2239                 3
42a1                 1                    1.0000               256.0000             2251                 3
42a1                 121                  121.0000             484.0000             2269                 3
42a1                 9                    9.0000               576.0000             2281                 3
42a1                 4                    4.0000               1024.0000            2287                 3
42a1                 81                   81.0000              81.0000              2293                 3
42a1                 256                  256.0000             256.0000             2311                 3
42a1                 0                    -0.0000              -0.0000              2341                 3
42a1                 9                    9.0000               576.0000             2347                 3
42a1                 1521                 1521.0000            1521.0000            2371                 3
42a1                 225                  225.0000             225.0000             2377                 3
42a1                 1                    1.0000               256.0000             2383                 3
42a1                 1                    1.0000               4.0000               2389                 3
42a1                 361                  361.0000             361.0000             2437                 3
42a1                 1                    1.0000               1.0000               2467                 3
42a1                 2025                 2025.0000            2025.0000            2473                 3
42a1                 3721                 3721.0000            3721.0000            2503                 3
42a1                 1                    1.0000               1.0000               2521                 3
42a1                 289                  289.0000             289.0000             2539                 3
42a1                 784                  784.0000             784.0000             2551                 3
42a1                 841                  841.0000             841.0000             2557                 3
42a1                 1849                 1849.0000            1849.0000            2593                 3
42a1                 144                  144.0000             576.0000             2617                 3
42a1                 961                  961.0000             961.0000             2647                 3
42a1                 25                   25.0000              25.0000              2659                 3
42a1                 36                   36.0000              9216.0000            2671                 3
42a1                 289                  289.0000             289.0000             2677                 3
42a1                 484                  484.0000             484.0000             2683                 3
42a1                 144                  144.0000             9216.0000            2689                 3
42a1                 9                    9.0000               9.0000               2707                 3
42a1                 1                    1.0000               4.0000               2713                 3
42a1                 361                  361.0000             361.0000             2719                 3
42a1                 196                  196.0000             12544.0000           2731                 3
42a1                 9                    9.0000               576.0000             2749                 3
42a1                 1                    1.0000               64.0000              2767                 3
42a1                 36                   36.0000              2304.0000            2791                 3
42a1                 16                   16.0000              16.0000              2797                 3
42a1                 144                  144.0000             576.0000             2803                 3
42a1                 1                    1.0000               64.0000              2833                 3
42a1                 1                    1.0000               4.0000               2851                 3
42a1                 9                    9.0000               9.0000               2857                 3
42a1                 16                   16.0000              16.0000              2887                 3
42a1                 324                  324.0000             20736.0000           2917                 3
42a1                 9                    9.0000               576.0000             2953                 3
42a1                 49                   49.0000              12544.0000           2971                 3
42a1                 4                    4.0000               16.0000              3001                 3
42a1                 144                  144.0000             576.0000             3019                 3
42a1                 256                  256.0000             256.0000             3037                 3
42a1                 16                   16.0000              64.0000              3049                 3
42a1                 0                    0.0000               0.0000               3061                 3
42a1                 256                  256.0000             1024.0000            3067                 3
42a1                 1                    1.0000               4.0000               3079                 3
42a1                 64                   64.0000              256.0000             3109                 3
42a1                 25281                25281.0000           25281.0000           3121                 3
42a1                 25                   25.0000              1600.0000            3163                 3
42a1                 25                   25.0000              25.0000              3169                 3
42a1                 16                   16.0000              4096.0000            3181                 3
42a1                 0                    -0.0000              -0.0000              3187                 3
42a1                 1024                 1024.0000            4096.0000            3217                 3
42a1                 361                  361.0000             23104.0000           3229                 3
42a1                 49                   49.0000              196.0000             3253                 3
42a1                 4                    4.0000               256.0000             3259                 3
42a1                 144                  144.0000             9216.0000            3271                 3
42a1                 784                  784.0000             784.0000             3301                 3
42a1                 1521                 1521.0000            1521.0000            3307                 3
42a1                 1089                 1089.0000            1089.0000            3313                 3
42a1                 4                    4.0000               16.0000              3319                 3
42a1                 64                   64.0000              4096.0000            3331                 3
42a1                 9                    9.0000               2304.0000            3343                 3
42a1                 81                   81.0000              81.0000              3361                 3
42a1                 49                   49.0000              12544.0000           3373                 3
42a1                 36                   36.0000              2304.0000            3391                 3
42a1                 16                   16.0000              16.0000              3433                 3
42a1                 16                   16.0000              1024.0000            3457                 3
42a1                 9                    9.0000               576.0000             3463                 3
42a1                 1                    1.0000               1.0000               3469                 3
42a1                 169                  169.0000             676.0000             3499                 3
42a1                 1                    1.0000               1.0000               3511                 3
42a1                 16                   16.0000              64.0000              3517                 3
42a1                 144                  144.0000             576.0000             3529                 3
42a1                 0                    -0.0000              -0.0000              3541                 3
42a1                 64                   64.0000              64.0000              3547                 3
42a1                 729                  729.0000             729.0000             3559                 3
42a1                 169                  169.0000             169.0000             3571                 3
42a1                 144                  144.0000             144.0000             3583                 3
42a1                 9                    9.0000               2304.0000            3607                 3
42a1                 9801                 9801.0000            9801.0000            3613                 3
42a1                 9                    9.0000               2304.0000            3631                 3
42a1                 16                   16.0000              16.0000              3637                 3
42a1                 441                  441.0000             441.0000             3643                 3
42a1                 49                   49.0000              49.0000              3673                 3
42a1                 5929                 5929.0000            5929.0000            3691                 3
42a1                 625                  625.0000             625.0000             3697                 3
42a1                 0                    -0.0000              -0.0000              3709                 3
42a1                 144                  144.0000             144.0000             3727                 3
42a1                 16                   16.0000              64.0000              3733                 3
42a1                 289                  289.0000             1156.0000            3739                 3
42a1                 1849                 1849.0000            1849.0000            3769                 3
42a1                 18225                18225.0000           18225.0000           3793                 3
42a1                 0                    -0.0000              -0.0000              3823                 3
42a1                 144                  144.0000             576.0000             3847                 3
42a1                 49                   49.0000              196.0000             3853                 3
42a1                 256                  256.0000             256.0000             3877                 3
42a1                 36                   36.0000              9216.0000            3889                 3
42a1                 0                    -0.0000              -0.0000              3907                 3
42a1                 256                  256.0000             256.0000             3919                 3
42a1                 169                  169.0000             169.0000             3931                 3
42a1                 256                  256.0000             16384.0000           3943                 3
42a1                 1                    1.0000               4.0000               3967                 3
42a1                 3969                 3969.0000            3969.0000            4003                 3
42a1                 2704                 2704.0000            2704.0000            4021                 3
42a1                 529                  529.0000             33856.0000           4027                 3
42a1                 169                  169.0000             10816.0000           4051                 3
42a1                 169                  169.0000             43264.0000           4057                 3
42a1                 729                  729.0000             2916.0000            4093                 3
42a1                 64                   64.0000              256.0000             4099                 3
42a1                 3969                 3969.0000            3969.0000            4111                 3
42a1                 441                  441.0000             28224.0000           4129                 3
42a1                 1024                 1024.0000            65536.0000           4153                 3
42a1                 1089                 1089.0000            1089.0000            4159                 3
42a1                 64                   64.0000              16384.0000           4177                 3
42a1                 1369                 1369.0000            1369.0000            4201                 3
42a1                 400                  400.0000             400.0000             4219                 3
42a1                 1296                 1296.0000            1296.0000            4231                 3
42a1                 1521                 1521.0000            1521.0000            4243                 3
42a1                 4624                 4624.0000            4624.0000            4261                 3
42a1                 961                  961.0000             961.0000             4273                 3
42a1                 5184                 5184.0000            5184.0000            4297                 3
42a1                 361                  361.0000             361.0000             4327                 3
42a1                 9                    9.0000               2304.0000            4339                 3
42a1                 1024                 1024.0000            1024.0000            4357                 3
42a1                 16                   16.0000              16.0000              4363                 3
42a1                 1                    1.0000               64.0000              4423                 3
42a1                 49                   49.0000              49.0000              4441                 3
42a1                 1849                 1849.0000            1849.0000            4447                 3
42a1                 64                   64.0000              256.0000             4483                 3
42a1                 5776                 5776.0000            5776.0000            4507                 3
42a1                 1                    1.0000               256.0000             4513                 3
42a1                 49                   49.0000              3136.0000            4519                 3
42a1                 1                    1.0000               64.0000              4549                 3
42a1                 0                    -0.0000              -0.0000              4561                 3
42a1                 36                   36.0000              2304.0000            4567                 3
42a1                 16                   16.0000              16.0000              4591                 3
42a1                 625                  625.0000             40000.0000           4597                 3
42a1                 529                  529.0000             529.0000             4603                 3
42a1                 16                   16.0000              16.0000              4621                 3
42a1                 256                  256.0000             256.0000             4639                 3
42a1                 484                  484.0000             30976.0000           4651                 3
42a1                 25                   25.0000              1600.0000            4657                 3
42a1                 441                  441.0000             28224.0000           4663                 3
42a1                 49                   49.0000              49.0000              4723                 3
42a1                 36                   36.0000              9216.0000            4729                 3
42a1                 225                  225.0000             14400.0000           4759                 3
42a1                 144                  144.0000             576.0000             4783                 3
42a1                 784                  784.0000             784.0000             4789                 3
42a1                 11664                11664.0000           11664.0000           4801                 3
42a1                 49                   49.0000              49.0000              4813                 3
42a1                 6561                 6561.0000            6561.0000            4831                 3
42a1                 225                  225.0000             225.0000             4861                 3
42a1                 1089                 1089.0000            1089.0000            4903                 3
42a1                 36                   36.0000              2304.0000            4909                 3
42a1                 256                  256.0000             1024.0000            4933                 3
42a1                 49                   49.0000              196.0000             4951                 3
42a1                 64                   64.0000              256.0000             4957                 3
42a1                 0                    0.0000               0.0000               4969                 3
42a1                 121                  121.0000             121.0000             4987                 3
42a1                 121                  121.0000             484.0000             4993                 3
42a1                 1                    1.0000               1.0000               4999                 3
42a1                 81                   81.0000              324.0000             5011                 3
42a1                 1296                 1296.0000            1296.0000            5023                 3
42a1                 484                  484.0000             1936.0000            5059                 3
42a1                 361                  361.0000             1444.0000            5077                 3
42a1                 225                  225.0000             14400.0000           5101                 3
42a1                 1                    1.0000               1.0000               5107                 3
42a1                 1                    1.0000               256.0000             5113                 3
42a1                 169                  169.0000             169.0000             5119                 3
42a1                 169                  169.0000             10816.0000           5167                 3
42a1                 9                    9.0000               36.0000              5179                 3
42a1                 49                   49.0000              12544.0000           5197                 3
42a1                 4                    4.0000               256.0000             5209                 3
42a1                 16                   16.0000              64.0000              5227                 3
42a1                 0                    -0.0000              -0.0000              5233                 3
42a1                 169                  169.0000             169.0000             5281                 3
42a1                 49                   49.0000              12544.0000           5323                 3
42a1                 729                  729.0000             46656.0000           5347                 3
42a1                 9                    9.0000               9.0000               5407                 3
42a1                 225                  225.0000             14400.0000           5413                 3
42a1                 169                  169.0000             10816.0000           5419                 3
42a1                 441                  441.0000             441.0000             5431                 3
42a1                 484                  484.0000             30976.0000           5437                 3
42a1                 64                   64.0000              64.0000              5443                 3
42a1                 100                  100.0000             6400.0000            5449                 3
42a1                 144                  144.0000             144.0000             5479                 3
42a1                 121                  121.0000             7744.0000            5503                 3
42a1                 144                  144.0000             576.0000             5521                 3
42a1                 144                  144.0000             576.0000             5527                 3
42a1                 841                  841.0000             841.0000             5557                 3
42a1                 3844                 3844.0000            3844.0000            5563                 3
42a1                 25                   25.0000              6400.0000            5569                 3
42a1                 1                    1.0000               64.0000              5581                 3
42a1                 121                  121.0000             484.0000             5623                 3
42a1                 576                  576.0000             576.0000             5641                 3
42a1                 10609                10609.0000           10609.0000           5647                 3
42a1                 9                    9.0000               576.0000             5653                 3
42a1                 400                  400.0000             1600.0000            5659                 3
42a1                 81                   81.0000              81.0000              5683                 3
42a1                 576                  576.0000             576.0000             5689                 3
42a1                 0                    -0.0000              -0.0000              5701                 3
42a1                 25                   25.0000              6400.0000            5737                 3
42a1                 1089                 1089.0000            1089.0000            5743                 3
42a1                 81                   81.0000              81.0000              5749                 3
42a1                 1936                 1936.0000            1936.0000            5779                 3
42a1                 1                    1.0000               4.0000               5791                 3
42a1                 9                    9.0000               576.0000             5821                 3
42a1                 441                  441.0000             441.0000             5827                 3
42a1                 784                  784.0000             3136.0000            5839                 3
42a1                 121                  121.0000             484.0000             5851                 3
42a1                 121                  121.0000             121.0000             5857                 3
42a1                 2025                 2025.0000            2025.0000            5869                 3
42a1                 8464                 8464.0000            8464.0000            5881                 3
42a1                 81                   81.0000              81.0000              5923                 3
42a1                 784                  784.0000             50176.0000           5953                 3
42a1                 64                   64.0000              4096.0000            6007                 3
42a1                 9                    9.0000               576.0000             6037                 3
42a1                 169                  169.0000             676.0000             6043                 3
42a1                 49                   49.0000              196.0000             6067                 3
42a1                 121                  121.0000             121.0000             6073                 3
42a1                 0                    -0.0000              -0.0000              6079                 3
42a1                 49                   49.0000              12544.0000           6091                 3
42a1                 53361                53361.0000           53361.0000           6121                 3
42a1                 121                  121.0000             7744.0000            6133                 3
42a1                 9                    9.0000               576.0000             6151                 3
42a1                 0                    0.0000               0.0000               6163                 3
42a1                 529                  529.0000             529.0000             6199                 3
42a1                 1                    1.0000               4.0000               6211                 3
42a1                 121                  121.0000             7744.0000            6217                 3
42a1                 625                  625.0000             625.0000             6229                 3
42a1                 256                  256.0000             1024.0000            6247                 3
42a1                 1                    1.0000               256.0000             6271                 3
42a1                 3600                 3600.0000            3600.0000            6277                 3
42a1                 36                   36.0000              9216.0000            6301                 3
42a1                 324                  324.0000             324.0000             6337                 3
42a1                 9                    9.0000               9.0000               6343                 3
42a1                 49                   49.0000              3136.0000            6361                 3
42a1                 3025                 3025.0000            3025.0000            6367                 3
42a1                 1600                 1600.0000            1600.0000            6373                 3
42a1                 25                   25.0000              25.0000              6379                 3
42a1                 225                  225.0000             225.0000             6397                 3
42a1                 9                    9.0000               576.0000             6421                 3
42a1                 196                  196.0000             12544.0000           6427                 3
42a1                 16                   16.0000              1024.0000            6451                 3
42a1                 729                  729.0000             729.0000             6469                 3
42a1                 529                  529.0000             2116.0000            6481                 3
42a1                 22801                22801.0000           22801.0000           6529                 3
42a1                 1225                 1225.0000            1225.0000            6547                 3
42a1                 0                    0.0000               0.0000               6553                 3
42a1                 1369                 1369.0000            1369.0000            6571                 3
42a1                 81                   81.0000              81.0000              6577                 3
42a1                 961                  961.0000             961.0000             6607                 3
42a1                 289                  289.0000             289.0000             6619                 3
42a1                 256                  256.0000             1024.0000            6637                 3
42a1                 16                   16.0000              1024.0000            6661                 3
42a1                 49                   49.0000              3136.0000            6673                 3
42a1                 3600                 3600.0000            230400.0000          6679                 3
42a1                 361                  361.0000             361.0000             6691                 3
42a1                 25                   25.0000              100.0000             6703                 3
42a1                 144                  144.0000             576.0000             6709                 3
42a1                 6561                 6561.0000            6561.0000            6733                 3
42a1                 289                  289.0000             289.0000             6763                 3
42a1                 8649                 8649.0000            8649.0000            6781                 3
42a1                 196                  196.0000             196.0000             6793                 3
42a1                 49                   49.0000              49.0000              6823                 3
42a1                 3721                 3721.0000            3721.0000            6829                 3
42a1                 441                  441.0000             441.0000             6841                 3
42a1                 289                  289.0000             289.0000             6871                 3
42a1                 0                    -0.0000              -0.0000              6883                 3
42a1                 1089                 1089.0000            1089.0000            6907                 3
42a1                 6889                 6889.0000            6889.0000            6949                 3
42a1                 81                   81.0000              5184.0000            6961                 3
42a1                 64                   64.0000              16384.0000           6967                 3
42a1                 784                  784.0000             3136.0000            6991                 3
42a1                 16                   16.0000              1024.0000            6997                 3
42a1                 576                  576.0000             2304.0000            7027                 3
42a1                 7225                 7225.0000            7225.0000            7039                 3
42a1                 2809                 2809.0000            179776.0000          7057                 3
42a1                 1                    1.0000               4.0000               7069                 3
42a1                 12321                12321.0000           12321.0000           7129                 3
42a1                 1600                 1600.0000            1600.0000            7159                 3
42a1                 9                    9.0000               36.0000              7177                 3
42a1                 441                  441.0000             441.0000             7207                 3
42a1                 0                    -0.0000              -0.0000              7213                 3
42a1                 1                    1.0000               4.0000               7219                 3
42a1                 961                  961.0000             961.0000             7237                 3
42a1                 49                   49.0000              49.0000              7243                 3
42a1                 4096                 4096.0000            4096.0000            7297                 3
42a1                 1369                 1369.0000            1369.0000            7309                 3
42a1                 169                  169.0000             10816.0000           7321                 3
42a1                 49                   49.0000              3136.0000            7333                 3
42a1                 9                    9.0000               36.0000              7351                 3
42a1                 9                    9.0000               2304.0000            7369                 3
42a1                 169                  169.0000             676.0000             7393                 3
42a1                 9                    9.0000               9.0000               7411                 3
42a1                 1089                 1089.0000            1089.0000            7417                 3
42a1                 729                  729.0000             729.0000             7459                 3
42a1                 25                   25.0000              25.0000              7477                 3
42a1                 2704                 2704.0000            2704.0000            7489                 3
42a1                 9                    9.0000               36.0000              7507                 3
42a1                 49                   49.0000              3136.0000            7537                 3
42a1                 4761                 4761.0000            4761.0000            7549                 3
42a1                 121                  121.0000             484.0000             7561                 3
42a1                 441                  441.0000             1764.0000            7573                 3
42a1                 1                    1.0000               4.0000               7591                 3
42a1                 21609                21609.0000           21609.0000           7603                 3
42a1                 20736                20736.0000           20736.0000           7621                 3
42a1                 9                    9.0000               2304.0000            7639                 3
42a1                 576                  576.0000             2304.0000            7669                 3
42a1                 1                    1.0000               4.0000               7681                 3
42a1                 256                  256.0000             1024.0000            7687                 3
42a1                 64                   64.0000              4096.0000            7699                 3
42a1                 4                    4.0000               16.0000              7717                 3
42a1                 36                   36.0000              2304.0000            7723                 3
42a1                 0                    -0.0000              -0.0000              7741                 3
42a1                 1849                 1849.0000            118336.0000          7753                 3
42a1                 400                  400.0000             400.0000             7759                 3
42a1                 9801                 9801.0000            9801.0000            7789                 3
42a1                 16                   16.0000              1024.0000            7867                 3
42a1                 169                  169.0000             10816.0000           7873                 3
42a1                 144                  144.0000             144.0000             7879                 3
42a1                 1369                 1369.0000            87616.0000           7927                 3
42a1                 81                   81.0000              81.0000              7933                 3
42a1                 576                  576.0000             2304.0000            7951                 3
42a1                 4                    4.0000               1024.0000            7963                 3
42a1                 3364                 3364.0000            3364.0000            7993                 3
42a1                 0                    -0.0000              -0.0000              8011                 3
42a1                 4225                 4225.0000            4225.0000            8017                 3
42a1                 1                    1.0000               4.0000               8053                 3
42a1                 64                   64.0000              4096.0000            8059                 3
42a1                 0                    -0.0000              -0.0000              8089                 3
42a1                 1521                 1521.0000            97344.0000           8101                 3
42a1                 1                    1.0000               4.0000               8161                 3
42a1                 9                    9.0000               576.0000             8167                 3
42a1                 81                   81.0000              81.0000              8179                 3
42a1                 1                    1.0000               256.0000             8191                 3
42a1                 1296                 1296.0000            1296.0000            8209                 3
42a1                 121                  121.0000             484.0000             8221                 3
42a1                 4                    4.0000               16.0000              8233                 3
42a1                 1225                 1225.0000            1225.0000            8263                 3
42a1                 1600                 1600.0000            1600.0000            8269                 3
42a1                 1849                 1849.0000            118336.0000          8287                 3
42a1                 81                   81.0000              81.0000              8293                 3
42a1                 100                  100.0000             100.0000             8311                 3
42a1                 144                  144.0000             9216.0000            8317                 3
42a1                 5041                 5041.0000            5041.0000            8329                 3
42a1                 64                   64.0000              4096.0000            8353                 3
42a1                 81                   81.0000              20736.0000           8377                 3
42a1                 3025                 3025.0000            193600.0000          8389                 3
42a1                 0                    -0.0000              -0.0000              8419                 3
42a1                 1936                 1936.0000            1936.0000            8431                 3
42a1                 361                  361.0000             361.0000             8443                 3
42a1                 4                    4.0000               16.0000              8461                 3
42a1                 2209                 2209.0000            2209.0000            8467                 3
42a1                 576                  576.0000             576.0000             8521                 3
42a1                 144                  144.0000             576.0000             8527                 3
42a1                 24025                24025.0000           24025.0000           8539                 3
42a1                 361                  361.0000             361.0000             8563                 3
42a1                 169                  169.0000             676.0000             8581                 3
42a1                 961                  961.0000             961.0000             8599                 3
42a1                 19881                19881.0000           19881.0000           8623                 3
42a1                 1                    1.0000               64.0000              8629                 3
42a1                 256                  256.0000             256.0000             8641                 3
42a1                 144                  144.0000             144.0000             8647                 3
42a1                 576                  576.0000             2304.0000            8677                 3
42a1                 144                  144.0000             144.0000             8689                 3
42a1                 324                  324.0000             82944.0000           8707                 3
42a1                 625                  625.0000             40000.0000           8713                 3
42a1                 49                   49.0000              3136.0000            8719                 3
42a1                 1024                 1024.0000            1024.0000            8731                 3
42a1                 225                  225.0000             900.0000             8737                 3
42a1                 36                   36.0000              2304.0000            8761                 3
42a1                 36                   36.0000              9216.0000            8779                 3
42a1                 25                   25.0000              100.0000             8803                 3
42a1                 64                   64.0000              64.0000              8821                 3
42a1                 2401                 2401.0000            2401.0000            8839                 3
42a1                 2401                 2401.0000            153664.0000          8863                 3
42a1                 64                   64.0000              64.0000              8887                 3
42a1                 100                  100.0000             25600.0000           8893                 3
42a1                 121                  121.0000             121.0000             8923                 3
42a1                 9                    9.0000               2304.0000            8929                 3
42a1                 169                  169.0000             10816.0000           8941                 3
42a1                 4                    4.0000               4.0000               8971                 3
42a1                 9                    9.0000               36.0000              9001                 3
42a1                 225                  225.0000             225.0000             9007                 3
42a1                 289                  289.0000             18496.0000           9013                 3
42a1                 400                  400.0000             25600.0000           9043                 3
42a1                 9                    9.0000               9.0000               9049                 3
42a1                 1                    1.0000               64.0000              9067                 3
42a1                 8281                 8281.0000            8281.0000            9091                 3
42a1                 49                   49.0000              196.0000             9103                 3
42a1                 0                    0.0000               0.0000               9109                 3
42a1                 2209                 2209.0000            2209.0000            9127                 3
42a1                 81                   81.0000              5184.0000            9133                 3
42a1                 1849                 1849.0000            1849.0000            9151                 3
42a1                 169                  169.0000             676.0000             9157                 3
42a1                 361                  361.0000             1444.0000            9181                 3
42a1                 2704                 2704.0000            173056.0000          9187                 3
42a1                 784                  784.0000             784.0000             9199                 3
42a1                 225                  225.0000             225.0000             9241                 3
42a1                 121                  121.0000             30976.0000           9277                 3
42a1                 36864                36864.0000           36864.0000           9283                 3
42a1                 144                  144.0000             144.0000             9319                 3
42a1                 1936                 1936.0000            1936.0000            9337                 3
42a1                 4                    4.0000               16.0000              9343                 3
42a1                 289                  289.0000             289.0000             9349                 3
42a1                 576                  576.0000             576.0000             9391                 3
42a1                 169                  169.0000             169.0000             9397                 3
42a1                 0                    0.0000               0.0000               9403                 3
42a1                 0                    -0.0000              -0.0000              9421                 3
42a1                 62001                62001.0000           62001.0000           9433                 3
42a1                 4                    4.0000               1024.0000            9439                 3
42a1                 1                    1.0000               64.0000              9463                 3
42a1                 4                    4.0000               256.0000             9511                 3
42a1                 144                  144.0000             144.0000             9547                 3
42a1                 256                  256.0000             256.0000             9601                 3
42a1                 961                  961.0000             3844.0000            9613                 3
42a1                 144                  144.0000             576.0000             9619                 3
42a1                 81                   81.0000              5184.0000            9631                 3
42a1                 21904                21904.0000           21904.0000           9643                 3
42a1                 25                   25.0000              1600.0000            9649                 3
42a1                 17689                17689.0000           17689.0000           9661                 3
42a1                 1                    1.0000               1.0000               9679                 3
42a1                 169                  169.0000             169.0000             9697                 3
42a1                 64                   64.0000              4096.0000            9721                 3
42a1                 14161                14161.0000           14161.0000           9733                 3
42a1                 1                    1.0000               64.0000              9739                 3
42a1                 25                   25.0000              25.0000              9769                 3
42a1                 9                    9.0000               576.0000             9781                 3
42a1                 225                  225.0000             14400.0000           9787                 3
42a1                 784                  784.0000             50176.0000           9811                 3
42a1                 16                   16.0000              4096.0000            9817                 3
42a1                 36                   36.0000              36.0000              9829                 3
42a1                 2209                 2209.0000            8836.0000            9859                 3
42a1                 9                    9.0000               9.0000               9871                 3
42a1                 625                  625.0000             625.0000             9883                 3
42a1                 121                  121.0000             484.0000             9901                 3
42a1                 121                  121.0000             121.0000             9907                 3
42a1                 0                    0.0000               0.0000               9931                 3
42a1                 256                  256.0000             1024.0000            9949                 3
42a1                 3721                 3721.0000            3721.0000            9967                 3
42a1                 1                    1.0000               256.0000             9973                 3
