Data for fields of degree 3 of conductor < 10000 with curves having conductor between 11 and 11
Curve label          ZZ(#Sha(E/K))        #Sha(E/K)            ell_chi              Field conductor      Field degree        
11a1                 25                   25.0000              25.0000              7                    3
11a1                 100                  100.0000             100.0000             13                   3
11a1                 4                    4.0000               100.0000             19                   3
11a1                 25                   25.0000              25.0000              31                   3
11a1                 16                   16.0000              400.0000             37                   3
11a1                 1                    1.0000               25.0000              43                   3
11a1                 4                    4.0000               100.0000             61                   3
11a1                 225                  225.0000             225.0000             67                   3
11a1                 25                   25.0000              25.0000              73                   3
11a1                 225                  225.0000             225.0000             79                   3
11a1                 900                  900.0000             900.0000             97                   3
11a1                 900                  900.0000             900.0000             103                  3
11a1                 25                   25.0000              25.0000              109                  3
11a1                 225                  225.0000             225.0000             127                  3
11a1                 25                   25.0000              25.0000              139                  3
11a1                 0                    -0.0000              -0.0000              151                  3
11a1                 0                    0.0000               0.0000               157                  3
11a1                 6400                 6400.0000            6400.0000            163                  3
11a1                 2500                 2500.0000            2500.0000            181                  3
11a1                 1                    1.0000               25.0000              193                  3
11a1                 121                  121.0000             3025.0000            199                  3
11a1                 289                  289.0000             7225.0000            211                  3
11a1                 25                   25.0000              25.0000              223                  3
11a1                 16                   16.0000              400.0000             229                  3
11a1                 3025                 3025.0000            3025.0000            241                  3
11a1                 2025                 2025.0000            2025.0000            271                  3
11a1                 100                  100.0000             100.0000             277                  3
11a1                 25                   25.0000              25.0000              283                  3
11a1                 0                    -0.0000              -0.0000              307                  3
11a1                 900                  900.0000             900.0000             313                  3
11a1                 1600                 1600.0000            1600.0000            331                  3
11a1                 36                   36.0000              900.0000             337                  3
11a1                 49                   49.0000              1225.0000            349                  3
11a1                 1600                 1600.0000            1600.0000            367                  3
11a1                 1225                 1225.0000            1225.0000            373                  3
11a1                 4900                 4900.0000            4900.0000            379                  3
11a1                 100                  100.0000             100.0000             397                  3
11a1                 961                  961.0000             24025.0000           409                  3
11a1                 10000                10000.0000           10000.0000           421                  3
11a1                 100                  100.0000             100.0000             433                  3
11a1                 25                   25.0000              25.0000              439                  3
11a1                 16                   16.0000              400.0000             457                  3
11a1                 4225                 4225.0000            4225.0000            463                  3
11a1                 900                  900.0000             900.0000             487                  3
11a1                 225                  225.0000             225.0000             499                  3
11a1                 9                    9.0000               225.0000             523                  3
11a1                 1600                 1600.0000            1600.0000            541                  3
11a1                 2025                 2025.0000            2025.0000            547                  3
11a1                 0                    -0.0000              -0.0000              571                  3
11a1                 1                    1.0000               25.0000              577                  3
11a1                 2025                 2025.0000            2025.0000            601                  3
11a1                 225                  225.0000             225.0000             607                  3
11a1                 225                  225.0000             225.0000             613                  3
11a1                 11025                11025.0000           11025.0000           619                  3
11a1                 4225                 4225.0000            4225.0000            631                  3
11a1                 0                    -0.0000              -0.0000              643                  3
11a1                 2500                 2500.0000            2500.0000            661                  3
11a1                 2025                 2025.0000            2025.0000            673                  3
11a1                 225                  225.0000             225.0000             691                  3
11a1                 27225                27225.0000           27225.0000           709                  3
11a1                 1                    1.0000               25.0000              727                  3
11a1                 25                   25.0000              625.0000             733                  3
11a1                 3600                 3600.0000            3600.0000            739                  3
11a1                 100                  100.0000             100.0000             751                  3
11a1                 8100                 8100.0000            8100.0000            757                  3
11a1                 225                  225.0000             225.0000             769                  3
11a1                 4225                 4225.0000            4225.0000            787                  3
11a1                 25                   25.0000              25.0000              811                  3
11a1                 64                   64.0000              1600.0000            823                  3
11a1                 1                    1.0000               25.0000              829                  3
11a1                 900                  900.0000             900.0000             853                  3
11a1                 1681                 1681.0000            42025.0000           859                  3
11a1                 196                  196.0000             4900.0000            877                  3
11a1                 15625                15625.0000           15625.0000           883                  3
11a1                 1369                 1369.0000            34225.0000           907                  3
11a1                 25                   25.0000              25.0000              919                  3
11a1                 8100                 8100.0000            8100.0000            937                  3
11a1                 1                    1.0000               25.0000              967                  3
11a1                 1225                 1225.0000            1225.0000            991                  3
11a1                 0                    0.0000               0.0000               997                  3
11a1                 5625                 5625.0000            5625.0000            1009                 3
11a1                 25                   25.0000              25.0000              1021                 3
11a1                 18225                18225.0000           18225.0000           1033                 3
11a1                 11025                11025.0000           11025.0000           1039                 3
11a1                 900                  900.0000             900.0000             1051                 3
11a1                 27225                27225.0000           27225.0000           1063                 3
11a1                 1225                 1225.0000            1225.0000            1069                 3
11a1                 9                    9.0000               225.0000             1087                 3
11a1                 16                   16.0000              400.0000             1093                 3
11a1                 529                  529.0000             13225.0000           1117                 3
11a1                 361                  361.0000             9025.0000            1123                 3
11a1                 57600                57600.0000           57600.0000           1129                 3
11a1                 2025                 2025.0000            2025.0000            1153                 3
11a1                 256                  256.0000             6400.0000            1171                 3
11a1                 22500                22500.0000           22500.0000           1201                 3
11a1                 67600                67600.0000           67600.0000           1213                 3
11a1                 2704                 2704.0000            67600.0000           1231                 3
11a1                 2209                 2209.0000            55225.0000           1237                 3
11a1                 7225                 7225.0000            7225.0000            1249                 3
11a1                 169                  169.0000             4225.0000            1279                 3
11a1                 13225                13225.0000           13225.0000           1291                 3
11a1                 169                  169.0000             4225.0000            1297                 3
11a1                 64                   64.0000              1600.0000            1303                 3
11a1                 8100                 8100.0000            8100.0000            1321                 3
11a1                 225                  225.0000             225.0000             1327                 3
11a1                 96100                96100.0000           96100.0000           1381                 3
11a1                 4                    4.0000               100.0000             1399                 3
11a1                 0                    0.0000               0.0000               1423                 3
11a1                 32400                32400.0000           32400.0000           1429                 3
11a1                 55225                55225.0000           55225.0000           1447                 3
11a1                 1225                 1225.0000            1225.0000            1453                 3
11a1                 100                  100.0000             100.0000             1459                 3
11a1                 4900                 4900.0000            4900.0000            1471                 3
11a1                 16900                16900.0000           16900.0000           1483                 3
11a1                 1                    1.0000               25.0000              1489                 3
11a1                 2025                 2025.0000            2025.0000            1531                 3
11a1                 289                  289.0000             7225.0000            1543                 3
11a1                 121                  121.0000             3025.0000            1549                 3
11a1                 11025                11025.0000           11025.0000           1567                 3
11a1                 49                   49.0000              1225.0000            1579                 3
11a1                 625                  625.0000             625.0000             1597                 3
11a1                 900                  900.0000             900.0000             1609                 3
11a1                 25                   25.0000              25.0000              1621                 3
11a1                 100                  100.0000             2500.0000            1627                 3
11a1                 400                  400.0000             400.0000             1657                 3
11a1                 12100                12100.0000           12100.0000           1663                 3
11a1                 2025                 2025.0000            2025.0000            1669                 3
11a1                 5929                 5929.0000            148225.0000          1693                 3
11a1                 625                  625.0000             625.0000             1699                 3
11a1                 225                  225.0000             225.0000             1723                 3
11a1                 44100                44100.0000           44100.0000           1741                 3
11a1                 1369                 1369.0000            34225.0000           1747                 3
11a1                 10000                10000.0000           10000.0000           1753                 3
11a1                 18225                18225.0000           18225.0000           1759                 3
11a1                 225                  225.0000             225.0000             1777                 3
11a1                 900                  900.0000             900.0000             1783                 3
11a1                 121                  121.0000             3025.0000            1789                 3
11a1                 400                  400.0000             400.0000             1801                 3
11a1                 225                  225.0000             225.0000             1831                 3
11a1                 44100                44100.0000           44100.0000           1861                 3
11a1                 25                   25.0000              25.0000              1867                 3
11a1                 676                  676.0000             16900.0000           1873                 3
11a1                 1225                 1225.0000            1225.0000            1879                 3
11a1                 49                   49.0000              1225.0000            1933                 3
11a1                 6400                 6400.0000            6400.0000            1951                 3
11a1                 44100                44100.0000           44100.0000           1987                 3
11a1                 1444                 1444.0000            36100.0000           1993                 3
11a1                 625                  625.0000             625.0000             1999                 3
11a1                 81225                81225.0000           81225.0000           2011                 3
11a1                 1225                 1225.0000            1225.0000            2017                 3
11a1                 1                    1.0000               25.0000              2029                 3
11a1                 121                  121.0000             3025.0000            2053                 3
11a1                 0                    -0.0000              -0.0000              2083                 3
11a1                 225                  225.0000             225.0000             2089                 3
11a1                 400                  400.0000             400.0000             2113                 3
11a1                 4225                 4225.0000            4225.0000            2131                 3
11a1                 13225                13225.0000           13225.0000           2137                 3
11a1                 225                  225.0000             225.0000             2143                 3
11a1                 14400                14400.0000           14400.0000           2161                 3
11a1                 1                    1.0000               25.0000              2179                 3
11a1                 225                  225.0000             225.0000             2203                 3
11a1                 25                   25.0000              25.0000              2221                 3
11a1                 32400                32400.0000           32400.0000           2239                 3
11a1                 16                   16.0000              400.0000             2251                 3
11a1                 4225                 4225.0000            4225.0000            2269                 3
11a1                 400                  400.0000             400.0000             2281                 3
11a1                 0                    -0.0000              -0.0000              2287                 3
11a1                 2025                 2025.0000            2025.0000            2293                 3
11a1                 27225                27225.0000           27225.0000           2311                 3
11a1                 25                   25.0000              25.0000              2341                 3
11a1                 0                    -0.0000              -0.0000              2347                 3
11a1                 38025                38025.0000           38025.0000           2371                 3
11a1                 3481                 3481.0000            87025.0000           2377                 3
11a1                 1                    1.0000               25.0000              2383                 3
11a1                 28900                28900.0000           28900.0000           2389                 3
11a1                 1296                 1296.0000            32400.0000           2437                 3
11a1                 64                   64.0000              1600.0000            2467                 3
11a1                 87025                87025.0000           87025.0000           2473                 3
11a1                 900                  900.0000             900.0000             2503                 3
11a1                 7921                 7921.0000            198025.0000          2521                 3
11a1                 2401                 2401.0000            60025.0000           2539                 3
11a1                 7225                 7225.0000            7225.0000            2551                 3
11a1                 42025                42025.0000           42025.0000           2557                 3
11a1                 5625                 5625.0000            5625.0000            2593                 3
11a1                 121                  121.0000             3025.0000            2617                 3
11a1                 57600                57600.0000           57600.0000           2647                 3
11a1                 784                  784.0000             19600.0000           2659                 3
11a1                 16                   16.0000              400.0000             2671                 3
11a1                 22500                22500.0000           22500.0000           2677                 3
11a1                 900                  900.0000             900.0000             2683                 3
11a1                 3600                 3600.0000            3600.0000            2689                 3
11a1                 1024                 1024.0000            25600.0000           2707                 3
11a1                 15625                15625.0000           15625.0000           2713                 3
11a1                 2916                 2916.0000            72900.0000           2719                 3
11a1                 3025                 3025.0000            3025.0000            2731                 3
11a1                 9                    9.0000               225.0000             2749                 3
11a1                 1                    1.0000               25.0000              2767                 3
11a1                 16                   16.0000              400.0000             2791                 3
11a1                 4624                 4624.0000            115600.0000          2797                 3
11a1                 14400                14400.0000           14400.0000           2803                 3
11a1                 4                    4.0000               100.0000             2833                 3
11a1                 22500                22500.0000           22500.0000           2851                 3
11a1                 27225                27225.0000           27225.0000           2857                 3
11a1                 2209                 2209.0000            55225.0000           2887                 3
11a1                 400                  400.0000             400.0000             2917                 3
11a1                 625                  625.0000             625.0000             2953                 3
11a1                 25                   25.0000              25.0000              2971                 3
11a1                 1                    1.0000               25.0000              3001                 3
11a1                 25                   25.0000              25.0000              3019                 3
11a1                 1225                 1225.0000            1225.0000            3037                 3
11a1                 5625                 5625.0000            5625.0000            3049                 3
11a1                 400                  400.0000             400.0000             3061                 3
11a1                 4900                 4900.0000            4900.0000            3067                 3
11a1                 6400                 6400.0000            6400.0000            3079                 3
11a1                 3600                 3600.0000            3600.0000            3109                 3
11a1                 270400               270400.0000          270400.0000          3121                 3
11a1                 100                  100.0000             100.0000             3163                 3
11a1                 1024                 1024.0000            25600.0000           3169                 3
11a1                 225                  225.0000             225.0000             3181                 3
11a1                 289                  289.0000             7225.0000            3187                 3
11a1                 5625                 5625.0000            5625.0000            3217                 3
11a1                 4225                 4225.0000            4225.0000            3229                 3
11a1                 3600                 3600.0000            3600.0000            3253                 3
11a1                 49                   49.0000              1225.0000            3259                 3
11a1                 256                  256.0000             6400.0000            3271                 3
11a1                 22500                22500.0000           22500.0000           3301                 3
11a1                 225                  225.0000             225.0000             3307                 3
11a1                 13225                13225.0000           13225.0000           3313                 3
11a1                 16                   16.0000              400.0000             3319                 3
11a1                 36                   36.0000              900.0000             3331                 3
11a1                 225                  225.0000             225.0000             3343                 3
11a1                 3600                 3600.0000            3600.0000            3361                 3
11a1                 25                   25.0000              25.0000              3373                 3
11a1                 5625                 5625.0000            5625.0000            3391                 3
11a1                 3364                 3364.0000            84099.9999           3433                 3
11a1                 1                    1.0000               25.0000              3457                 3
11a1                 4                    4.0000               100.0000             3463                 3
11a1                 36                   36.0000              900.0000             3469                 3
11a1                 52900                52900.0000           52900.0000           3499                 3
11a1                 121                  121.0000             3025.0000            3511                 3
11a1                 14400                14400.0000           14400.0000           3517                 3
11a1                 2500                 2500.0000            2500.0000            3529                 3
11a1                 256                  256.0000             6400.0000            3541                 3
11a1                 44100                44100.0000           44100.0000           3547                 3
11a1                 1                    1.0000               25.0000              3559                 3
11a1                 176400               176400.0000          176400.0000          3571                 3
11a1                 676                  676.0000             16900.0000           3583                 3
11a1                 100                  100.0000             100.0000             3607                 3
11a1                 180625               180625.0000          180625.0000          3613                 3
11a1                 0                    -0.0000              -0.0000              3631                 3
11a1                 49                   49.0000              1225.0000            3637                 3
11a1                 102400               102400.0000          102400.0000          3643                 3
11a1                 8100                 8100.0000            8100.0000            3673                 3
11a1                 50625                50625.0000           50625.0000           3691                 3
11a1                 38025                38025.0000           38025.0000           3697                 3
11a1                 324                  324.0000             8100.0000            3709                 3
11a1                 189225               189225.0000          189225.0000          3727                 3
11a1                 4                    4.0000               100.0000             3733                 3
11a1                 484                  484.0000             12100.0000           3739                 3
11a1                 9025                 9025.0000            9025.0000            3769                 3
11a1                 10000                10000.0000           10000.0000           3793                 3
11a1                 49                   49.0000              1225.0000            3823                 3
11a1                 1                    1.0000               25.0000              3847                 3
11a1                 2025                 2025.0000            2025.0000            3853                 3
11a1                 19600                19600.0000           19600.0000           3877                 3
11a1                 0                    0.0000               0.0000               3889                 3
11a1                 225                  225.0000             225.0000             3907                 3
11a1                 196                  196.0000             4900.0000            3919                 3
11a1                 14400                14400.0000           14400.0000           3931                 3
11a1                 64                   64.0000              1600.0000            3943                 3
11a1                 4225                 4225.0000            4225.0000            3967                 3
11a1                 2916                 2916.0000            72900.0000           4003                 3
11a1                 7225                 7225.0000            7225.0000            4021                 3
11a1                 1225                 1225.0000            1225.0000            4027                 3
11a1                 16                   16.0000              400.0000             4051                 3
11a1                 400                  400.0000             400.0000             4057                 3
11a1                 625                  625.0000             625.0000             4093                 3
11a1                 2025                 2025.0000            2025.0000            4099                 3
11a1                 275625               275625.0000          275625.0000          4111                 3
11a1                 2025                 2025.0000            2025.0000            4129                 3
11a1                 841                  841.0000             21025.0000           4153                 3
11a1                 67600                67599.9999           67599.9999           4159                 3
11a1                 25                   25.0000              25.0000              4177                 3
11a1                 156025               156025.0000          156025.0000          4201                 3
11a1                 961                  961.0000             24025.0000           4219                 3
11a1                 3025                 3025.0000            3025.0000            4231                 3
11a1                 211600               211599.9998          211599.9998          4243                 3
11a1                 112225               112225.0000          112225.0000          4261                 3
11a1                 12100                12100.0000           12100.0000           4273                 3
11a1                 280900               280900.0000          280900.0000          4297                 3
11a1                 9409                 9409.0000            235225.0000          4327                 3
11a1                 1225                 1225.0000            1225.0000            4339                 3
11a1                 5776                 5776.0000            144400.0000          4357                 3
11a1                 196                  196.0000             4900.0000            4363                 3
11a1                 121                  121.0000             3025.0000            4423                 3
11a1                 169                  169.0000             4225.0000            4441                 3
11a1                 216225               216225.0000          216225.0000          4447                 3
11a1                 9                    9.0000               225.0000             4483                 3
11a1                 216225               216225.0000          216225.0000          4507                 3
11a1                 0                    -0.0000              -0.0000              4513                 3
11a1                 900                  900.0000             900.0000             4519                 3
11a1                 0                    -0.0000              -0.0000              4549                 3
11a1                 16900                16900.0000           16900.0000           4561                 3
11a1                 11025                11025.0000           11025.0000           4567                 3
11a1                 70225                70224.9999           70224.9999           4591                 3
11a1                 2025                 2025.0000            2025.0000            4597                 3
11a1                 32400                32400.0000           32400.0000           4603                 3
11a1                 2025                 2025.0000            2025.0000            4621                 3
11a1                 140625               140624.9998          140624.9998          4639                 3
11a1                 3600                 3600.0000            3600.0000            4651                 3
11a1                 13225                13225.0000           13225.0000           4657                 3
11a1                 10000                10000.0000           10000.0000           4663                 3
11a1                 3481                 3481.0000            87025.0000           4723                 3
11a1                 1                    1.0000               25.0000              4729                 3
11a1                 1                    1.0000               25.0000              4759                 3
11a1                 2500                 2500.0000            2500.0000            4783                 3
11a1                 129600               129600.0000          129600.0000          4789                 3
11a1                 8649                 8649.0000            216224.9998          4801                 3
11a1                 129600               129600.0000          129600.0000          4813                 3
11a1                 136900               136900.0000          136900.0000          4831                 3
11a1                 900                  900.0000             900.0000             4861                 3
11a1                 12769                12769.0000           319225.0000          4903                 3
11a1                 3025                 3025.0000            3025.0000            4909                 3
11a1                 100                  100.0000             100.0000             4933                 3
11a1                 121                  121.0000             3025.0000            4951                 3
11a1                 11025                11025.0000           11025.0000           4957                 3
11a1                 625                  625.0000             625.0000             4969                 3
11a1                 7225                 7225.0000            7225.0000            4987                 3
11a1                 38025                38025.0000           38025.0000           4993                 3
11a1                 87025                87025.0000           87025.0000           4999                 3
11a1                 13225                13225.0000           13225.0000           5011                 3
11a1                 7921                 7921.0000            198024.9997          5023                 3
11a1                 4900                 4900.0000            4900.0000            5059                 3
11a1                 5625                 5625.0000            5625.0000            5077                 3
11a1                 2025                 2025.0000            2025.0000            5101                 3
11a1                 1369                 1369.0000            34224.9999           5107                 3
11a1                 0                    -0.0000              -0.0000              5113                 3
11a1                 5041                 5041.0000            126024.9998          5119                 3
11a1                 2500                 2500.0000            2500.0000            5167                 3
11a1                 49                   49.0000              1225.0000            5179                 3
11a1                 225                  225.0000             225.0000             5197                 3
11a1                 625                  625.0000             625.0000             5209                 3
11a1                 121                  121.0000             3025.0000            5227                 3
11a1                 49                   49.0000              1225.0000            5233                 3
11a1                 3481                 3481.0000            87025.0000           5281                 3
11a1                 900                  900.0000             900.0000             5323                 3
11a1                 225                  225.0000             225.0000             5347                 3
11a1                 1369                 1369.0000            34225.0000           5407                 3
11a1                 144                  144.0000             3600.0000            5413                 3
11a1                 625                  625.0000             625.0000             5419                 3
11a1                 36100                36100.0000           36100.0000           5431                 3
11a1                 25                   25.0000              25.0000              5437                 3
11a1                 196                  196.0000             4900.0000            5443                 3
11a1                 1225                 1225.0000            1225.0000            5449                 3
11a1                 172225               172224.9997          172224.9997          5479                 3
11a1                 1225                 1225.0000            1225.0000            5503                 3
11a1                 25                   25.0000              25.0000              5521                 3
11a1                 900                  900.0000             900.0000             5527                 3
11a1                 70225                70225.0000           70225.0000           5557                 3
11a1                 11025                11025.0000           11025.0000           5563                 3
11a1                 2025                 2025.0000            2025.0000            5569                 3
11a1                 625                  625.0000             625.0000             5581                 3
11a1                 5776                 5776.0000            144400.0000          5623                 3
11a1                 3600                 3600.0000            3600.0000            5641                 3
11a1                 4761                 4761.0000            119025.0000          5647                 3
11a1                 4225                 4225.0000            4225.0000            5653                 3
11a1                 1849                 1849.0000            46225.0000           5659                 3
11a1                 6241                 6241.0000            156025.0000          5683                 3
11a1                 50625                50625.0000           50625.0000           5689                 3
11a1                 6561                 6561.0000            164025.0000          5701                 3
11a1                 25                   25.0000              25.0000              5737                 3
11a1                 846400               846400.0000          846400.0000          5743                 3
11a1                 256                  256.0000             6400.0000            5749                 3
11a1                 1225                 1225.0000            1225.0000            5779                 3
11a1                 32400                32400.0000           32400.0000           5791                 3
11a1                 1                    1.0000               25.0000              5821                 3
11a1                 1024                 1024.0000            25600.0000           5827                 3
11a1                 25                   25.0000              25.0000              5839                 3
11a1                 3600                 3600.0000            3600.0000            5851                 3
11a1                 1600                 1600.0000            1600.0000            5857                 3
11a1                 198025               198025.0000          198025.0000          5869                 3
11a1                 2209                 2209.0000            55225.0000           5881                 3
11a1                 57600                57599.9999           57599.9999           5923                 3
11a1                 676                  676.0000             16900.0000           5953                 3
11a1                 11025                11025.0000           11025.0000           6007                 3
11a1                 4                    4.0000               100.0000             6037                 3
11a1                 15625                15625.0000           15625.0000           6043                 3
11a1                 1849                 1849.0000            46225.0000           6067                 3
11a1                 4096                 4096.0000            102400.0000          6073                 3
11a1                 1225                 1225.0000            1225.0000            6079                 3
11a1                 400                  400.0000             400.0000             6091                 3
11a1                 12100                12100.0000           12100.0000           6121                 3
11a1                 25                   25.0000              25.0000              6133                 3
11a1                 25                   25.0000              25.0000              6151                 3
11a1                 11025                11025.0000           11025.0000           6163                 3
11a1                 39601                39601.0000           990025.0000          6199                 3
11a1                 1                    1.0000               25.0000              6211                 3
11a1                 361                  361.0000             9025.0000            6217                 3
11a1                 57600                57599.9999           57599.9999           6229                 3
11a1                 3721                 3721.0000            93025.0000           6247                 3
11a1                 25                   25.0000              25.0000              6271                 3
11a1                 529                  529.0000             13225.0000           6277                 3
11a1                 100                  100.0000             100.0000             6301                 3
11a1                 5625                 5625.0000            5625.0000            6337                 3
11a1                 119025               119024.9997          119024.9997          6343                 3
11a1                 16                   16.0000              400.0000             6361                 3
11a1                 484                  484.0000             12100.0000           6367                 3
11a1                 16900                16900.0000           16900.0000           6373                 3
11a1                 105625               105624.9998          105624.9998          6379                 3
11a1                 2025                 2025.0000            2025.0000            6397                 3
11a1                 225                  225.0000             225.0000             6421                 3
11a1                 3600                 3600.0000            3600.0000            6427                 3
11a1                 400                  400.0000             400.0000             6451                 3
11a1                 32400                32399.9999           32399.9999           6469                 3
11a1                 7744                 7744.0000            193599.9995          6481                 3
11a1                 390625               390625.0000          390625.0000          6529                 3
11a1                 18225                18225.0000           18225.0000           6547                 3
11a1                 2025                 2025.0000            2025.0000            6553                 3
11a1                 65025                65025.0000           65025.0000           6571                 3
11a1                 3844                 3844.0000            96100.0000           6577                 3
11a1                 169                  169.0000             4225.0000            6607                 3
11a1                 400                  400.0000             400.0000             6619                 3
11a1                 16                   16.0000              400.0000             6637                 3
11a1                 7225                 7225.0000            7225.0000            6661                 3
11a1                 4900                 4900.0000            4900.0000            6673                 3
11a1                 4900                 4900.0000            4900.0000            6679                 3
11a1                 168100               168100.0000          168100.0000          6691                 3
11a1                 900                  900.0000             900.0000             6703                 3
11a1                 64                   64.0000              1600.0000            6709                 3
11a1                 164025               164025.0000          164025.0000          6733                 3
11a1                 164025               164025.0000          164025.0000          6763                 3
11a1                 2500                 2500.0000            2500.0000            6781                 3
11a1                 11025                11025.0000           11025.0000           6793                 3
11a1                 7744                 7744.0000            193599.9996          6823                 3
11a1                 260100               260100.0000          260100.0000          6829                 3
11a1                 841                  841.0000             21025.0000           6841                 3
11a1                 731025               731025.0000          731025.0000          6871                 3
11a1                 196                  196.0000             4900.0000            6883                 3
11a1                 10609                10609.0000           265225.0000          6907                 3
11a1                 70225                70225.0000           70225.0000           6949                 3
11a1                 225                  225.0000             225.0000             6961                 3
11a1                 900                  900.0000             900.0000             6967                 3
11a1                 7225                 7225.0000            7225.0000            6991                 3
11a1                 18225                18225.0000           18225.0000           6997                 3
11a1                 11025                11025.0000           11025.0000           7027                 3
11a1                 3721                 3721.0000            93024.9998           7039                 3
11a1                 7225                 7225.0000            7225.0000            7057                 3
11a1                 361                  361.0000             9025.0000            7069                 3
11a1                 216225               216225.0000          216225.0000          7129                 3
11a1                 529                  529.0000             13225.0000           7159                 3
11a1                 57600                57599.9999           57599.9999           7177                 3
11a1                 17689                17689.0000           442224.9988          7207                 3
11a1                 1                    1.0000               25.0000              7213                 3
11a1                 400                  400.0000             400.0000             7219                 3
11a1                 119025               119025.0000          119025.0000          7237                 3
11a1                 49                   49.0000              1225.0000            7243                 3
11a1                 1                    1.0000               25.0000              7297                 3
11a1                 27225                27225.0000           27225.0000           7309                 3
11a1                 49                   49.0000              1225.0000            7321                 3
11a1                 49                   49.0000              1225.0000            7333                 3
11a1                 5476                 5476.0000            136900.0000          7351                 3
11a1                 1                    1.0000               25.0000              7369                 3
11a1                 121                  121.0000             3025.0000            7393                 3
11a1                 176400               176400.0000          176400.0000          7411                 3
11a1                 319225               319225.0000          319225.0000          7417                 3
11a1                 12544                12544.0000           313599.9990          7459                 3
11a1                 22801                22800.9999           570024.9984          7477                 3
11a1                 12100                12099.9999           12099.9999           7489                 3
11a1                 484                  484.0000             12100.0000           7507                 3
11a1                 1600                 1600.0000            1600.0000            7537                 3
11a1                 361                  361.0000             9025.0000            7549                 3
11a1                 121                  121.0000             3025.0000            7561                 3
11a1                 40000                40000.0000           40000.0000           7573                 3
11a1                 361                  361.0000             9025.0000            7591                 3
11a1                 144400               144400.0000          144400.0000          7603                 3
11a1                 144400               144400.0000          144400.0000          7621                 3
11a1                 100                  100.0000             100.0000             7639                 3
11a1                 14400                14400.0000           14400.0000           7669                 3
11a1                 0                    0.0000               0.0000               7681                 3
11a1                 87025                87025.0000           87025.0000           7687                 3
11a1                 3600                 3600.0000            3600.0000            7699                 3
11a1                 121                  121.0000             3025.0000            7717                 3
11a1                 2025                 2025.0000            2025.0000            7723                 3
11a1                 225                  225.0000             225.0000             7741                 3
11a1                 15625                15625.0000           15625.0000           7753                 3
11a1                 70225                70225.0000           70225.0000           7759                 3
11a1                 5329                 5329.0000            133224.9996          7789                 3
11a1                 24025                24025.0000           24025.0000           7867                 3
11a1                 484                  484.0000             12100.0000           7873                 3
11a1                 5041                 5041.0000            126025.0000          7879                 3
11a1                 676                  676.0000             16899.9999           7927                 3
11a1                 189225               189225.0000          189225.0000          7933                 3
11a1                 121                  121.0000             3025.0000            7951                 3
11a1                 225                  225.0000             225.0000             7963                 3
11a1                 400                  400.0000             400.0000             7993                 3
11a1                 144                  144.0000             3600.0000            8011                 3
11a1                 6400                 6400.0000            6400.0000            8017                 3
11a1                 81                   81.0000              2025.0000            8053                 3
11a1                 25                   25.0000              25.0000              8059                 3
11a1                 841                  841.0000             21025.0000           8089                 3
11a1                 11025                11025.0000           11025.0000           8101                 3
11a1                 28900                28900.0000           28900.0000           8161                 3
11a1                 16                   16.0000              400.0000             8167                 3
11a1                 396900               396900.0000          396900.0000          8179                 3
11a1                 0                    0.0000               0.0000               8191                 3
11a1                 1600                 1600.0000            1600.0000            8209                 3
11a1                 2704                 2704.0000            67600.0000           8221                 3
11a1                 7225                 7225.0000            7225.0000            8233                 3
11a1                 3600                 3600.0000            3600.0000            8263                 3
11a1                 99225                99225.0000           99225.0000           8269                 3
11a1                 1369                 1369.0000            34225.0000           8287                 3
11a1                 21316                21315.9999           532899.9980          8293                 3
11a1                 207025               207025.0000          207025.0000          8311                 3
11a1                 1                    1.0000               25.0000              8317                 3
11a1                 240100               240100.0000          240100.0000          8329                 3
11a1                 225                  225.0000             225.0000             8353                 3
11a1                 1225                 1225.0000            1225.0000            8377                 3
11a1                 144                  144.0000             3600.0000            8389                 3
11a1                 64                   64.0000              1600.0000            8419                 3
11a1                 2025                 2025.0000            2025.0000            8431                 3
11a1                 17161                17160.9999           429024.9980          8443                 3
11a1                 16                   16.0000              400.0000             8461                 3
11a1                 112225               112224.9996          112224.9996          8467                 3
11a1                 3844                 3844.0000            96099.9996           8521                 3
11a1                 1225                 1225.0000            1225.0000            8527                 3
11a1                 855625               855624.9966          855624.9966          8539                 3
11a1                 44100                44100.0000           44100.0000           8563                 3
11a1                 289                  289.0000             7225.0000            8581                 3
11a1                 81225                81225.0000           81225.0000           8599                 3
11a1                 2601                 2601.0000            65025.0000           8623                 3
11a1                 25                   25.0000              625.0000             8629                 3
11a1                 49                   49.0000              1225.0000            8641                 3
11a1                 99225                99225.0000           99225.0000           8647                 3
11a1                 38025                38025.0000           38025.0000           8677                 3
11a1                 2209                 2209.0000            55225.0000           8689                 3
11a1                 2500                 2500.0000            2500.0000            8707                 3
11a1                 8100                 8100.0000            8100.0000            8713                 3
11a1                 6400                 6400.0000            6400.0000            8719                 3
11a1                 625                  625.0000             625.0000             8731                 3
11a1                 42025                42025.0000           42025.0000           8737                 3
11a1                 8100                 8100.0000            8100.0000            8761                 3
11a1                 4900                 4900.0000            4900.0000            8779                 3
11a1                 784                  784.0000             19600.0000           8803                 3
11a1                 1369                 1369.0000            34225.0000           8821                 3
11a1                 291600               291599.9989          291599.9989          8839                 3
11a1                 6400                 6400.0000            6400.0000            8863                 3
11a1                 93025                93025.0000           93025.0000           8887                 3
11a1                 2025                 2025.0000            2025.0000            8893                 3
11a1                 17689                17689.0000           442225.0000          8923                 3
11a1                 2025                 2025.0000            2025.0000            8929                 3
11a1                 5625                 5625.0000            5625.0000            8941                 3
11a1                 52900                52900.0000           52900.0000           8971                 3
11a1                 7225                 7225.0000            7225.0000            9001                 3
11a1                 2209                 2209.0000            55224.9999           9007                 3
11a1                 5625                 5625.0000            5625.0000            9013                 3
11a1                 961                  961.0000             24025.0000           9043                 3
11a1                 0                    -0.0000              -0.0000              9049                 3
11a1                 1                    1.0000               25.0000              9067                 3
11a1                 9025                 9025.0000            9025.0000            9091                 3
11a1                 5625                 5625.0000            5625.0000            9103                 3
11a1                 400                  400.0000             400.0000             9109                 3
11a1                 784                  784.0000             19599.9999           9127                 3
11a1                 6400                 6400.0000            6400.0000            9133                 3
11a1                 196                  196.0000             4900.0000            9151                 3
11a1                 64                   64.0000              1600.0000            9157                 3
11a1                 25600                25600.0000           25600.0000           9181                 3
11a1                 19600                19600.0000           19600.0000           9187                 3
11a1                 38025                38024.9999           38024.9999           9199                 3
11a1                 164025               164025.0000          164025.0000          9241                 3
11a1                 625                  625.0000             625.0000             9277                 3
11a1                 1232100              1232100.0000         1232100.0000         9283                 3
11a1                 483025               483025.0000          483025.0000          9319                 3
11a1                 9801                 9801.0000            245025.0000          9337                 3
11a1                 225                  225.0000             225.0000             9343                 3
11a1                 12321                12321.0000           308025.0000          9349                 3
11a1                 1600                 1600.0000            1600.0000            9391                 3
11a1                 27225                27224.9998           27224.9998           9397                 3
11a1                 8100                 8099.9999            8099.9999            9403                 3
11a1                 1                    1.0000               25.0000              9421                 3
11a1                 62500                62500.0000           62500.0000           9433                 3
11a1                 900                  900.0000             900.0000             9439                 3
11a1                 100                  100.0000             100.0000             9463                 3
11a1                 3025                 3025.0000            3025.0000            9511                 3
11a1                 115600               115600.0000          115600.0000          9547                 3
11a1                 42025                42024.9998           42024.9998           9601                 3
11a1                 87025                87024.9997           87024.9997           9613                 3
11a1                 4225                 4225.0000            4225.0000            9619                 3
11a1                 5625                 5625.0000            5625.0000            9631                 3
11a1                 2209                 2209.0000            55224.9996           9643                 3
11a1                 841                  841.0000             21024.9999           9649                 3
11a1                 275625               275624.9982          275624.9982          9661                 3
11a1                 22201                22201.0000           555025.0000          9679                 3
11a1                 10000                10000.0000           10000.0000           9697                 3
11a1                 144                  144.0000             3600.0000            9721                 3
11a1                 100                  100.0000             100.0000             9733                 3
11a1                 144                  144.0000             3600.0000            9739                 3
11a1                 55225                55225.0000           55225.0000           9769                 3
11a1                 1                    1.0000               25.0000              9781                 3
11a1                 25                   25.0000              25.0000              9787                 3
11a1                 14400                14400.0000           14400.0000           9811                 3
11a1                 49                   49.0000              1225.0000            9817                 3
11a1                 12100                12100.0000           12100.0000           9829                 3
11a1                 44100                44100.0000           44100.0000           9859                 3
11a1                 7225                 7225.0000            7225.0000            9871                 3
11a1                 10201                10200.9999           255024.9985          9883                 3
11a1                 484                  484.0000             12100.0000           9901                 3
11a1                 93025                93025.0000           93025.0000           9907                 3
11a1                 1                    1.0000               25.0000              9931                 3
11a1                 57600                57599.9997           57599.9997           9949                 3
11a1                 25600                25600.0000           25600.0000           9967                 3
11a1                 400                  400.0000             400.0000             9973                 3
