1100 30*a - 10 ['?','?',4,'?','?',6,-4,6,10,-2,2,6,2,-6,-10,6,-8,-14,0,-8,-8,4,6,-14] 
1100 30*a - 10 ['?','?',0,'?','?',0,0,10,0,-8,2,2,-8,10,0,-10,2,2,12,-8,0,-10,-10,10] 
1444 34*a - 18 ['?',1,5,3,-2,'?','?',-10,-5,-7,-3,-2,2,0,0,-10,8,-12,7,8,-5,15,-15,0] 
1475 35*a - 25 [-1,'?',-1,-1,-1,-8,-7,9,-9,1,-8,6,11,-5,'?','?',-2,-11,9,6,10,-3,-10,0] 
1475 -35*a + 25 [3,'?',1,-3,3,4,-3,9,-1,-3,-8,-6,-3,-11,'?','?',10,3,-13,-6,6,-1,14,12] 
1475 -35*a + 25 [1,'?',4,2,-4,-4,4,6,6,4,10,-6,-10,8,'?','?',-14,-2,-6,6,-4,-12,-14,12] 
1475 -35*a + 25 [1,'?',1,-1,-1,8,7,-9,9,1,-8,6,11,5,'?','?',-2,-11,9,6,-10,3,10,0] 
1476 -6*a + 42 ['?',4,'?',0,2,-4,6,-8,-2,-8,-8,'?','?',-10,-14,6,8,-8,12,8,8,16,6,-14] 
1516 -2*a + 40 ['?',0,1,0,6,-1,2,-6,-9,8,2,-6,0,5,6,0,8,8,-9,-9,11,-10,-15,0] 
1516 2*a - 40 ['?',0,4,6,3,-1,-7,-3,6,-10,-7,3,-9,-4,-6,12,8,-10,0,15,-16,-1,-9,6] 
1595 36*a - 23 [-3,'?',-4,'?','?',0,6,'?','?',-10,-8,0,-4,-4,-8,-14,-14,10,4,2,-4,-8,10,-6] 
1756 -38*a + 26 ['?',1,-1,-1,-6,-4,-3,3,-2,-3,-5,3,-6,8,0,-6,0,6,-5,12,8,-10,9,-2] 
1856 -8*a + 48 ['?',-1,4,6,1,-5,8,'?','?',-7,-4,1,0,1,12,-4,8,6,5,8,10,1,-17,-8] 
1856 -8*a + 48 ['?',-4,4,-2,4,-4,0,'?','?',4,4,10,8,-2,-10,12,-6,4,10,0,16,-14,6,14] 
1856 -8*a + 48 ['?',3,4,-2,-3,3,0,'?','?',-3,4,-11,8,5,4,12,8,-10,-11,0,2,-7,-1,0] 
1900 40*a - 10 ['?','?',2,0,6,'?','?',0,6,-4,-4,12,-6,4,0,12,-10,-10,0,12,-8,10,18,-6] 
1900 40*a - 10 ['?','?',-2,4,2,'?','?',-4,2,0,4,-12,2,0,0,4,6,-2,0,-8,16,6,-6,14] 
1900 40*a - 10 ['?','?',-2,-4,0,'?','?',-2,-6,-8,-8,-10,10,2,4,4,6,-10,8,0,-8,-4,-2,-10] 
1900 40*a - 10 ['?','?',5,2,-3,'?','?',5,0,-8,7,2,-8,10,5,5,-3,-13,-13,-3,5,-5,-10,10] 
1984 -40*a + 24 ['?',4,-2,-2,0,6,-2,-4,6,'?','?',6,10,-2,12,0,-4,6,-12,0,-8,0,6,10] 
