179 -12*a + 5 [1,0,0,-5,3,-5,-4,1,5,7,1,2,-3,-6,-4,8,-11,-10,10,12,0,12,4,4]
205 13*a - 9 [3,-4,'?',4,0,-2,4,-4,-6,-8,-6,10,'?','?',4,12,2,6,4,-2,-4,-16,-8,-6]
209 a - 15 [-2,2,4,-12,'?','?','?','?',7,1,-5,-2,-11,-3,-3,10,8,-2,12,-13,4,-10,-14,10]
239 -a + 16 [1,-1,1,-6,3,-5,5,-2,0,-2,1,-4,-2,9,14,11,5,-14,-6,-8,-3,2,-4,9]
244 -14*a + 8 ['?',5,0,8,3,-4,-6,6,-8,9,0,-3,-10,0,-10,1,'?','?',-7,-10,-13,8,-4,13]
284 -2*a + 18 ['?',2,0,-2,4,-2,6,2,4,0,-8,-8,-6,-10,2,0,-10,8,'?','?',12,4,-10,-6]
380 -4*a - 18 ['?',2,'?',0,2,4,'?','?',4,-2,4,0,-12,2,-4,0,-2,6,0,-8,-6,-16,6,-14]
395 2*a + 19 [1,4,'?',4,2,-2,0,0,6,-4,-4,0,-6,2,4,12,-10,-14,-6,4,'?','?',0,0]
396 -18*a + 6 ['?','?',3,-11,'?','?',7,-7,0,-7,-1,6,-5,2,11,4,-5,-12,5,12,-14,-14,10,-11]
404 18*a - 10 ['?',4,2,-4,-2,-1,-2,0,0,3,-1,5,-1,-6,-9,14,7,-10,-4,-8,-10,-8,17,0]
404 -18*a + 10 ['?',0,-2,-4,6,-1,2,4,-4,9,-11,-5,3,-2,-5,6,1,-6,-12,-16,6,-8,9,12]
445 19*a - 12 [1,2,'?',-6,0,0,4,-8,-2,-10,4,0,2,10,4,0,-2,14,8,-16,-4,-12,'?','?']
451 19*a - 10 [3,1,-1,4,'?','?',-6,1,-6,2,4,0,'?','?',-1,2,-3,6,-6,-12,11,14,-3,-16]
484 22 ['?',-3,4,13,'?','?',7,7,-3,-3,-5,-5,-8,-8,-12,-12,5,5,-7,-7,4,4,7,7]
495 -3*a + 24 [3,'?','?',-2,'?','?',4,0,-2,2,4,-8,-10,2,0,4,-6,-10,-8,0,-16,4,14,-10]
505 -a + 23 [0,1,'?',9,-6,5,8,7,0,-6,-8,2,-9,0,-14,5,0,-5,13,-1,-8,-6,-18,-1]
539 -21*a + 7 [-3,-1,-1,'?','?','?',-3,-6,-4,-1,-4,-4,8,5,-7,11,-14,13,-2,4,-10,5,6,-9]
539 -21*a + 7 [3,-1,-1,'?','?','?',3,-6,8,-1,-4,-4,-4,5,-1,5,-2,-11,10,-8,14,-13,6,-9]
539 21*a - 7 [-3,2,2,'?','?','?',6,6,2,2,8,-10,8,-10,8,2,4,-14,-8,-8,-4,-4,12,0]
545 21*a - 8 [1,2,'?',2,0,2,6,0,2,2,-8,-4,2,-2,6,0,2,2,-2,-10,-14,-8,-6,2]
549 21*a - 12 [3,'?',-1,3,-3,3,-2,7,-6,1,3,-5,-2,6,6,-14,'?','?',-8,-5,14,0,-1,-10]
580 22*a - 6 ['?',3,'?',-4,1,-4,2,7,'?','?',-10,3,-12,-5,6,-14,10,13,2,-6,-14,-7,7,-18]
599 -a + 25 [-1,2,2,8,6,-4,-4,6,2,-2,0,2,0,-8,6,12,-8,6,-8,-14,-16,2,-2,6]
599 a - 25 [-1,2,2,11,-3,5,2,0,2,1,-3,-1,6,-5,-12,3,1,-12,-2,7,11,5,-2,-15]
620 2*a - 26 ['?',4,'?',-9,1,-3,6,5,-2,7,'?','?',8,-4,6,3,-5,-14,14,-5,-14,10,10,-9]
639 -3*a + 27 [2,'?',1,2,0,3,0,-6,3,6,-3,-2,-9,2,-5,10,-5,-6,'?','?',4,10,-2,10]
639 -3*a + 27 [-1,'?',4,-4,0,0,0,6,6,-6,0,-2,0,-10,-2,4,-2,-12,'?','?',16,-14,10,-2]
649 23*a - 8 [-2,-1,-2,-4,'?','?',-5,0,0,-9,3,-6,-3,0,'?','?',5,7,2,10,-6,-1,2,10]
649 -a + 26 [-1,2,4,8,'?','?',-4,0,2,-2,-8,-10,4,2,'?','?',-8,0,0,6,-8,-10,10,14]
684 24*a - 6 ['?','?',0,-2,-2,4,'?','?',6,8,4,-4,2,0,2,-2,-14,-10,6,-14,4,0,-2,0]
781 25*a - 13 [1,2,2,-2,'?','?',8,4,-2,6,-4,-8,10,-2,-12,0,2,-2,'?','?',4,8,-6,-6]
784 28 ['?',-3,-4,'?',3,3,8,8,1,1,-2,-2,-6,-6,10,10,0,0,0,0,7,7,-8,-8]
796 6*a + 26 ['?',-2,3,-4,3,3,-7,-4,-9,6,-10,-7,0,3,6,0,11,5,12,6,-4,-13,6,6]
820 26*a - 18 ['?',4,'?',12,0,-2,4,4,10,-8,2,2,'?','?',-12,12,10,-2,-12,-10,-4,16,-16,10]
836 26*a - 16 ['?',-4,2,-4,'?','?','?','?',4,8,10,0,-4,-4,-14,-12,-2,-2,-4,0,4,-16,14,-10]
836 2*a - 30 ['?',-5,-3,2,'?','?','?','?',-7,8,-5,5,-4,-10,-10,-4,-6,-2,12,1,11,11,0,3]
836 2*a - 30 ['?',2,1,0,'?','?','?','?',-2,4,7,4,-5,9,0,-11,-1,-2,6,-7,-2,8,7,-8]
855 -6*a - 27 [1,'?','?',2,0,4,'?','?',-2,-6,8,0,2,-2,0,-8,-2,14,12,-12,-8,-8,-6,-10]
909 -27*a + 15 [-1,'?',-1,2,3,2,7,3,9,2,-1,4,5,-12,10,4,-10,1,14,0,-4,0,3,-6]
961 31 [2,-3,3,-3,-6,6,-1,-4,8,8,'?','?',9,-6,-13,-4,-4,8,-8,-5,10,-14,-10,14]
979 -28*a + 13 [3,4,0,4,'?','?',4,-2,-10,-2,0,-4,0,-10,-4,-4,6,12,8,4,4,14,'?','?']
979 6*a - 35 [3,-1,2,6,'?','?',2,-5,-1,1,-4,8,0,-2,0,-3,-10,-5,3,8,4,4,'?','?']
