1024 32 ['?',-2,-2,6,0,-4,-4,-8,6,-2,8,-8,6,-10,8,-12,-2,14,0,8,-8,-8,10,-6]
1025 5*a - 35 [-3,4,'?',-4,0,-2,-4,4,6,8,-6,10,'?','?',-4,-12,2,6,4,-2,4,16,8,6]
1025 -5*a + 35 [-1,-2,'?',-10,-4,-4,4,-4,2,-6,0,0,'?','?',12,-4,14,-2,8,-8,0,8,-18,6]
1025 5*a - 35 [1,5,'?',-5,-4,2,5,1,7,-6,-6,-3,'?','?',-6,7,-10,13,-7,-5,-6,-8,6,6]
1025 5*a - 35 [1,-4,'?',4,0,6,4,4,6,0,2,2,'?','?',-12,12,2,-10,-12,6,4,-8,0,6]
1025 -5*a + 35 [3,1,'?',-1,0,-2,-1,1,9,2,-6,-5,'?','?',14,-3,2,-9,-11,13,-14,4,2,-6]
1031 -29*a + 10 [-2,-5,-2,-4,3,3,8,6,6,-8,-2,8,4,3,9,-6,-7,12,6,15,10,-13,2,11]
1039 29*a - 11 [-1,4,1,-2,0,5,-4,0,2,8,-1,-2,-10,5,11,6,-5,8,0,-3,8,-11,0,-3]
1044 -6*a + 36 ['?','?',2,1,5,-4,6,3,'?','?',-5,-2,2,5,2,8,-1,2,-9,-9,-12,9,4,-11]
1044 -6*a + 36 ['?','?',-3,11,3,0,5,2,'?','?',2,-1,9,0,6,0,-10,8,-9,-12,5,-4,-15,12]
1044 -6*a + 36 ['?','?',2,1,-1,4,2,1,'?','?',-5,-6,2,-3,10,4,-3,-2,-9,7,-8,1,8,13]
1045 -29*a + 17 [-1,4,'?',2,'?','?','?','?',6,6,-4,2,6,0,6,0,2,-4,0,-12,8,-4,-6,-6]
1045 -29*a + 17 [2,4,'?',8,'?','?','?','?',3,-9,5,2,9,-9,-9,0,-10,2,-12,-9,-4,8,-6,-12]
1045 -29*a + 17 [3,2,'?',-2,'?','?','?','?',2,6,0,8,-6,2,-8,0,-2,-2,-8,-8,4,0,6,-10]
1055 -a + 33 [-3,4,'?',-2,0,-1,6,-5,-10,3,10,4,6,9,9,2,4,5,10,-3,10,-16,10,-3]
1084 -2*a + 34 ['?',1,2,2,1,2,-4,4,6,4,-1,-4,-7,-6,14,-4,-2,-2,6,16,4,-3,4,8]
1084 -2*a + 34 ['?',4,3,-1,-3,-3,-4,2,-3,0,2,2,0,0,0,-15,-1,2,3,0,-1,-13,6,-12]
1089 30*a - 21 [-2,'?',-2,11,'?','?',1,5,0,10,-8,5,12,2,6,0,-5,10,-16,-2,-11,-4,8,16]
1089 -30*a + 21 [-1,'?',2,-2,'?','?',4,4,-6,-2,8,-8,-6,-2,12,12,-2,2,8,-8,16,-8,-2,14]
1089 33 [-3,'?',-2,2,'?','?',0,0,-6,-6,-8,-8,-2,-2,-4,-4,6,6,0,0,-4,-4,-6,-6]
1100 -30*a + 10 ['?',-4,'?',1,'?','?',4,4,9,0,2,-7,6,-3,9,0,11,2,-15,12,1,-17,-6,-6]
1100 30*a - 10 ['?',2,'?',-2,'?','?',4,4,-6,6,-4,8,-6,6,0,12,14,-10,0,0,4,-8,6,6]
1100 30*a - 10 ['?',4,'?',-6,'?','?',6,-4,6,10,2,-2,6,2,6,-10,-14,-8,0,-8,4,-8,6,-14]
1100 -30*a + 10 ['?',0,'?',5,'?','?',0,0,5,0,2,7,2,7,-5,0,-13,2,-3,-8,-5,15,10,-10]
1100 -30*a + 10 ['?',4,'?',-1,'?','?',-4,-4,-9,0,2,-7,6,-3,-9,0,11,2,-15,12,-1,17,6,6]
1100 30*a - 10 ['?',0,'?',10,'?','?',0,0,10,0,2,-8,2,-8,-10,0,2,2,12,-8,-10,0,-10,10]
1100 -30*a + 10 ['?',-4,'?',-2,'?','?',4,-8,6,0,-10,-4,-6,0,6,-12,2,14,-12,0,10,-8,-6,6]
1111 3*a - 35 [-1,4,3,-4,'?','?',-1,5,-6,9,8,11,-6,-9,-12,-6,-1,-4,12,-12,14,2,-6,3]
1116 -30*a + 18 ['?','?',2,-2,2,-4,6,6,6,0,'?','?',2,2,-10,2,2,8,0,0,0,-12,-14,-2]
1116 -30*a + 18 ['?','?',2,-2,2,6,-4,-4,-4,10,'?','?',-8,12,10,-8,2,-2,-10,0,0,8,-14,-12]
1156 34 ['?',5,2,14,-6,-6,7,7,5,5,5,5,0,0,-5,-5,-3,-3,-15,-15,-8,-8,1,1]
1189 a - 35 [-2,4,3,6,2,1,2,-5,'?','?',2,-4,'?','?',9,-4,-14,-8,8,5,-7,-8,15,12]
1195 31*a - 13 [-3,-2,'?',-12,-2,6,4,-8,0,-8,-2,-6,-2,-10,8,4,-6,-10,0,8,16,8,-10,0]
1201 -31*a + 16 [-3,2,0,-4,-3,-3,5,-2,-9,-2,2,-4,-5,-2,5,-6,2,-12,-5,-1,-4,-9,4,18]
1216 32*a - 8 ['?',-1,1,-8,2,5,'?','?',-2,1,9,-9,2,2,-6,0,-4,8,11,8,11,5,9,0]
1216 -32*a + 8 ['?',1,1,4,2,3,'?','?',-6,-9,1,9,-10,6,-10,4,8,0,3,8,3,3,1,-8]
1220 -2*a + 36 ['?',5,'?',-10,-3,2,0,0,0,-5,2,7,2,2,0,-5,'?','?',-3,2,5,-10,10,15]
1220 2*a - 36 ['?',2,'?',5,0,-1,6,0,7,6,-9,0,8,0,-4,7,'?','?',-10,5,-1,-10,17,-14]
1225 35 [4,5,'?','?',-3,-3,-2,-2,-3,-3,-4,-4,-12,-12,0,0,8,8,0,0,1,1,12,12]
1255 -32*a + 11 [0,0,'?',6,-3,-4,-7,-6,5,4,-5,7,-3,-10,7,0,8,-1,-3,-2,-5,7,-2,17]
1255 32*a - 11 [0,4,'?',-10,5,0,-1,-2,3,8,-5,-9,-3,-10,9,8,-8,7,13,2,13,-15,2,7]
1255 -32*a + 11 [0,0,'?',0,-3,2,5,0,5,10,7,7,-3,2,-5,0,2,-13,-3,-8,-5,-5,10,5]
1271 -32*a + 13 [-2,2,1,-4,-4,-5,-2,-7,2,-3,'?','?','?','?',9,0,8,0,-10,3,-3,-4,-1,0]
1280 32*a - 16 ['?',6,'?',-2,4,-4,-4,4,-2,-2,8,-8,6,6,-4,4,2,2,0,0,0,0,-6,-6]
1280 32*a - 16 ['?',-2,'?',6,4,4,4,-4,-10,6,0,8,6,-10,4,12,2,2,8,0,0,-16,10,10]
1291 2*a + 35 [-1,1,-2,4,3,-5,-2,-4,0,1,3,-7,5,-9,-9,-10,1,-6,3,-4,-1,4,-3,10]
1296 36 ['?','?',-2,-2,4,4,0,0,-6,-6,4,4,10,10,4,4,2,2,0,0,12,12,-10,-10]
1321 3*a - 38 [2,5,-2,10,0,-2,8,0,9,-3,-1,-9,2,6,-13,4,0,5,-9,-13,6,-1,3,12]
1324 6*a - 40 ['?',0,-3,4,-2,-1,6,2,6,0,5,9,0,5,-12,4,4,1,-5,-5,4,-2,3,7]
1331 -33*a + 11 [3,1,1,-1,'?','?',-6,-6,-3,3,4,10,-5,10,-10,-4,-3,3,-12,12,-16,14,-6,-15]
1331 -33*a + 11 [0,-5,-1,10,'?','?',0,0,0,0,-7,-7,-8,8,5,5,12,-12,-3,-3,-10,10,-15,-15]
1331 33*a - 11 [1,1,3,13,'?','?',2,-2,3,-9,4,-2,-9,6,6,-12,-7,-11,12,-12,8,-14,6,3]
1331 33*a - 11 [0,-1,3,-6,'?','?',-2,6,6,6,9,-3,6,6,-3,-3,-8,12,-15,-3,8,-6,-15,-3]
1364 8*a + 34 ['?',2,-2,-6,'?','?',4,0,-2,10,'?','?',10,2,-12,4,2,-2,4,4,4,8,14,2]
1364 -2*a + 38 ['?',0,2,2,'?','?',-6,8,6,4,'?','?',-6,-2,4,0,-10,10,-12,-2,-4,16,14,6]
1364 2*a - 38 ['?',1,3,-1,'?','?',5,-1,-6,-6,'?','?',-3,0,6,-3,-13,5,-3,12,-4,-1,15,6]
1364 -2*a + 38 ['?',-5,-3,-13,'?','?',-1,-7,6,-6,'?','?',9,-12,-6,-15,5,5,3,-12,-4,11,9,6]
1369 37 [-4,-5,0,-13,3,3,2,2,-6,-6,-4,-4,-9,-9,12,12,8,8,-15,-15,-10,-10,6,6]
1395 3*a - 39 [1,'?','?',10,0,4,0,4,10,6,'?','?',6,-2,0,4,-10,-6,0,-8,0,8,-14,-2]
1396 -34*a + 10 ['?',-2,-2,-1,-3,3,6,-5,-1,-2,-7,-10,-5,-3,5,3,-6,6,-1,-16,7,1,-12,13]
1420 34*a - 12 ['?',-1,'?',10,-2,-2,8,3,6,4,-2,10,-4,3,12,-4,-4,5,'?','?',-11,-6,-6,8]
1420 -34*a + 12 ['?',1,'?',-4,3,3,-7,2,3,-6,-4,-4,6,-3,-3,-3,-1,8,'?','?',8,-10,0,0]
1420 34*a - 12 ['?',1,'?',-4,-3,3,-1,2,9,6,8,-4,-6,3,-3,3,5,-4,'?','?',8,-10,12,0]
1420 -34*a + 12 ['?',1,'?',6,2,-2,4,7,-6,-4,-2,6,4,-7,-8,8,0,1,'?','?',13,10,2,0]
1439 2*a + 37 [1,2,-2,10,6,2,4,-3,1,-4,1,2,-9,-2,14,9,11,-7,-12,15,-5,8,-9,-6]
1444 -34*a + 18 ['?',-1,-3,-4,6,-3,'?','?',-6,-3,5,-5,-6,6,-6,-12,-8,-8,-9,0,-1,1,9,0]
1444 34*a - 18 ['?',5,1,0,-2,3,'?','?',-10,-5,-3,-7,-2,2,-10,0,-12,8,7,8,15,-5,-15,0]
1444 -34*a + 18 ['?',-1,4,9,4,-3,'?','?',-4,-8,0,2,-11,-10,5,-3,0,2,-14,2,12,4,3,9]
1444 38 ['?',-5,0,-13,-6,-6,'?','?',9,9,-4,-4,0,0,9,9,-10,-10,-6,-6,-10,-10,-12,-12]
1444 -34*a + 18 ['?',1,4,9,-4,3,'?','?',-4,8,0,-2,11,-10,-5,-3,0,-2,-14,-2,12,-4,3,-9]
1444 -34*a + 18 ['?',5,-1,10,0,5,'?','?',0,5,-7,5,-10,8,10,10,-10,0,3,0,-5,15,5,0]
1445 34*a - 17 [-3,-2,'?',-10,2,2,0,0,-6,-6,-10,-10,10,10,8,8,-14,-14,-2,-2,-14,-14,6,6]
1471 3*a + 37 [3,4,-4,6,3,-5,4,2,6,1,-1,0,-7,-5,6,-6,-14,-1,-3,16,2,15,9,6]
1471 3*a + 37 [-3,-4,-4,4,-2,0,-4,8,-6,-6,4,0,-2,10,4,-4,-4,-6,12,6,8,10,6,-6]
1475 35*a - 25 [-1,-1,'?',-5,-1,-1,-8,-7,9,-9,-8,1,6,11,'?','?',-11,-2,9,6,-3,10,-10,0]
1475 -35*a + 25 [3,1,'?',-11,3,-3,4,-3,9,-1,-8,-3,-6,-3,'?','?',3,10,-13,-6,-1,6,14,12]
1475 -35*a + 25 [1,4,'?',8,-4,2,-4,4,6,6,10,4,-6,-10,'?','?',-2,-14,-6,6,-12,-4,-14,12]
1475 -35*a + 25 [1,1,'?',5,-1,-1,8,7,-9,9,-8,1,6,11,'?','?',-11,-2,9,6,3,-10,10,0]
1476 -6*a + 42 ['?','?',0,2,-2,-6,0,4,-4,-8,0,0,'?','?',10,-14,6,-10,-12,12,0,-8,-6,2]
1476 -6*a + 42 ['?','?',4,-10,2,0,-4,6,-8,-2,-8,-8,'?','?',6,-14,-8,8,12,8,16,8,6,-14]
1516 -2*a + 40 ['?',1,0,5,6,0,-1,2,-6,-9,2,8,-6,0,0,6,8,8,-9,-9,-10,11,-15,0]
1516 -2*a + 40 ['?',-1,0,11,-2,-4,-1,-2,2,-9,-2,0,-2,-4,12,-6,0,-12,15,-15,14,-11,1,-4]
1516 2*a - 40 ['?',4,0,-4,3,6,-1,-7,-3,6,-7,-10,3,-9,12,-6,-10,8,0,15,-1,-16,-9,6]
1519 -35*a + 21 [-3,-4,2,'?',0,0,-6,0,-10,2,'?','?',2,-10,-4,-4,-2,-2,4,10,-16,2,6,0]
1520 -8*a - 36 ['?',2,'?',6,-4,4,'?','?',-2,10,4,0,6,-10,-4,12,-14,-6,12,16,0,8,-6,-2]
1521 39 [4,'?',-2,13,-1,-1,4,4,8,8,-4,-4,-9,-9,-4,-4,-11,-11,-1,-1,-1,-1,15,15]
1529 -35*a + 16 [-3,-5,1,11,'?','?',-4,0,-1,-4,-8,3,-2,-9,-5,1,-2,-5,8,-6,-6,-14,-15,9]
1539 36*a - 9 [-1,'?',0,-10,-6,0,'?','?',6,0,-4,-4,6,-12,6,-6,2,14,6,-6,-4,8,-6,-12]
1549 3*a - 41 [1,-2,-1,-10,-6,-3,-2,0,7,0,8,-5,2,-10,13,0,-6,-6,11,0,-2,-6,17,15]
1555 6*a + 37 [-2,1,'?',1,-5,0,-7,-6,-1,-2,-2,1,6,2,-11,-12,-6,3,-9,12,6,6,6,-10]
1556 -36*a + 26 ['?',1,-2,12,0,-3,1,-4,-3,-6,0,2,-9,-6,-13,6,10,-14,-15,-5,0,3,-9,14]
1571 -36*a + 25 [1,5,0,10,-2,-1,2,6,0,6,-5,5,-6,7,11,3,-11,-11,0,-10,6,-8,9,-6]
1580 4*a + 38 ['?',2,'?',-6,4,-4,4,-4,-2,6,0,0,2,-6,4,12,-2,-2,0,-8,'?','?',-6,-6]
1580 4*a + 38 ['?',4,'?',-4,0,0,2,2,-6,6,-4,-4,6,6,-6,-12,8,-10,6,12,'?','?',0,0]
1580 4*a + 38 ['?',-2,'?',2,6,0,2,-4,6,0,8,-4,0,6,-12,0,-4,14,0,0,'?','?',0,0]
1580 4*a + 38 ['?',-2,'?',-10,-6,6,2,2,6,0,8,8,6,6,6,12,-4,-10,0,0,'?','?',-18,6]
1584 -36*a + 12 ['?','?',0,4,'?','?',4,2,6,2,8,-6,10,8,8,4,-2,-12,8,-12,-8,-2,-14,10]
1595 2*a + 39 [-1,4,'?',-4,'?','?',-4,-4,'?','?',-4,-4,6,6,-12,-6,8,8,-6,12,-10,8,-6,-6]
1595 2*a + 39 [-1,-2,'?',-10,'?','?',-4,-4,'?','?',8,-4,6,-6,0,0,-10,-10,0,0,8,-4,6,6]
1595 2*a + 39 [1,2,'?',-6,'?','?',-4,4,'?','?',8,0,-6,-6,4,-4,6,6,8,0,-8,-8,10,-6]
1595 -36*a + 23 [1,-4,'?',4,'?','?',-8,-2,'?','?',0,-2,0,4,10,0,10,2,12,-6,8,4,-6,10]
1595 36*a - 23 [-3,-4,'?',-4,'?','?',0,6,'?','?',-8,-10,0,-4,-14,-8,10,-14,4,2,-8,-4,10,-6]
1595 2*a + 39 [3,-2,'?',-2,'?','?',4,2,'?','?',-10,2,10,2,-8,-6,-12,2,12,8,0,-4,-2,6]
1595 2*a + 39 [-3,-2,'?',-2,'?','?',4,-4,'?','?',8,8,10,2,4,0,-6,2,-12,8,-12,8,10,-6]
1600 40 ['?',4,'?',-4,-4,0,0,8,8,0,4,-8,-6,6,-8,0,10,6,4,-8,16,0,8,-8]
1600 40 ['?',1,'?',-6,1,5,-5,7,-8,0,-6,2,9,1,8,0,10,-14,4,12,-6,10,17,-7]
1600 40 ['?',-2,'?',6,4,-4,4,4,10,-6,0,8,-6,10,-4,12,-2,-2,-8,0,0,16,-10,-10]
1600 40 ['?',-1,'?',6,1,5,5,-7,8,0,-6,2,9,1,-8,0,10,-14,4,12,6,-10,-17,7]
1600 40 ['?',-3,'?',10,1,1,-1,-1,8,8,10,10,-3,-3,-8,-8,10,10,-12,-12,-6,-6,9,9]
1600 40 ['?',6,'?',-2,4,4,-4,-4,2,2,-8,-8,-6,-6,4,4,-2,-2,0,0,0,0,6,6]
1600 40 ['?',3,'?',-10,1,1,1,1,-8,-8,10,10,-3,-3,8,8,10,10,-12,-12,6,6,-9,-9]
1604 -36*a + 22 ['?',0,2,-2,2,-4,0,4,4,-4,-2,8,8,4,8,4,2,-10,-8,0,-12,0,-6,6]
1604 -36*a + 22 ['?',-4,-2,-2,0,-2,-2,-4,-10,-6,6,0,0,4,-4,-6,8,-6,4,12,8,4,-10,-6]
1604 -36*a + 22 ['?',0,-4,-5,2,2,0,-5,10,5,7,2,2,-8,5,10,2,2,-8,-3,0,15,15,15]
1620 36*a - 18 ['?','?','?',2,0,0,-4,-4,6,6,8,8,6,6,0,0,-10,-10,0,0,8,8,-18,-18]
1636 6*a + 38 ['?',-2,-3,14,3,3,2,2,0,-9,5,5,0,6,-6,0,-1,8,6,9,-1,-1,6,-15]
1636 6*a + 38 ['?',-2,-1,2,-5,-3,-2,-6,4,-5,7,-7,0,6,6,4,-11,-8,10,-3,-11,3,14,9]
1636 6*a + 38 ['?',-2,4,2,0,2,8,-6,4,-10,-8,8,10,6,-14,4,4,2,0,-8,-16,8,-6,-6]
1639 37*a - 27 [2,-2,3,-4,'?','?',-1,2,6,-6,5,-4,-12,-6,3,-6,5,14,-6,0,-10,14,0,15]
1655 -37*a + 26 [-1,-3,'?',1,4,3,5,3,-3,0,0,2,-6,5,0,5,15,6,8,16,-2,-8,14,-12]
1661 4*a - 43 [-1,-2,0,-4,'?','?',-4,-4,6,0,-10,2,-6,-6,12,12,14,-10,0,12,-4,-4,-6,0]
1676 2*a - 42 ['?',4,-4,-10,-5,3,2,-6,-2,-4,-6,6,-6,-12,-4,3,-14,11,-6,2,6,-1,-1,6]
1676 -2*a + 42 ['?',-4,-1,8,-2,-2,-1,-8,2,-5,-10,4,0,0,11,4,-1,6,2,-12,10,17,-1,6]
1681 41 [-2,2,-1,6,2,-5,2,-3,-6,-1,-2,2,'?','?',1,-12,-8,-12,-6,-9,-1,-2,13,-10]
1681 37*a - 24 [-2,4,-1,6,2,5,-6,-1,-2,9,10,-4,'?','?',-3,4,-6,8,12,9,-11,4,-1,8]
1681 37*a - 24 [1,-2,-4,12,5,2,6,-1,1,-3,4,-1,'?','?',9,4,12,8,0,9,-14,-5,-7,-1]
1681 41 [1,2,2,-6,-2,2,6,2,2,-6,8,-8,'?','?',-12,4,-6,10,-6,6,10,14,2,-14]
1705 -37*a + 16 [-3,6,'?',10,'?','?',-4,-8,-2,6,'?','?',2,6,4,0,-10,2,0,12,12,4,10,-14]
1705 -37*a + 16 [-1,-5,'?',-1,'?','?',-8,7,-8,2,'?','?',-11,0,0,-13,7,-1,15,9,-8,-16,-3,-8]
1705 9*a - 47 [-1,4,'?',2,'?','?',2,2,-6,-6,'?','?',6,6,12,0,8,14,6,12,-10,-16,0,-6]
1719 6*a + 39 [1,'?',4,-5,-5,3,3,1,6,-6,-3,0,11,-2,0,9,-8,13,8,0,-4,0,-3,-16]
1724 -38*a + 10 ['?',2,-4,-9,-4,-3,-2,5,-6,-8,-5,4,-10,6,-8,0,-6,-12,-14,-2,2,-2,14,9]
1724 38*a - 10 ['?',2,-1,5,0,2,-1,4,1,1,9,-5,-4,6,5,10,3,2,-16,8,14,-6,8,1]
1756 -38*a + 26 ['?',-1,1,8,-6,-1,-4,-3,3,-2,-5,-3,3,-6,-6,0,6,0,-5,12,-10,8,9,-2]
1764 42 ['?','?',2,'?',-2,2,-2,6,0,8,4,-4,6,-6,-4,0,0,8,0,4,-8,8,6,-6]
1764 42 ['?','?',2,'?',2,2,6,6,-6,-6,-2,-2,2,2,8,8,-10,-10,-6,-6,12,12,10,10]
1764 42 ['?','?',-2,'?',-2,-2,2,2,6,6,6,6,6,6,8,8,10,10,-14,-14,-4,-4,-10,-10]
1775 -5*a + 45 [1,-3,'?',-6,-5,-5,4,-7,6,9,-2,-8,-3,6,-11,-3,0,1,'?','?',4,16,12,-16]
1791 9*a + 39 [-1,'?',-4,-2,4,0,4,-4,0,-4,8,4,0,2,10,-6,10,10,4,0,16,0,8,-8]
1795 3*a - 44 [-1,-2,'?',-10,0,-6,-4,2,6,0,-4,-4,0,-12,0,0,8,2,-6,0,-4,-10,6,12]
1804 6*a - 46 ['?',-2,-3,-13,'?','?',-1,-7,0,0,-1,-7,'?','?',-12,0,-10,8,6,-3,11,5,-6,-15]
1804 -38*a + 20 ['?',5,1,10,'?','?',0,5,0,-10,2,-8,'?','?',15,-10,-13,12,-8,2,-15,10,5,-10]
1805 38*a - 19 [3,-2,'?',2,0,0,'?','?',6,2,-8,4,-6,10,-4,12,6,-2,0,-12,-8,0,-6,-2]
1805 -a + 43 [1,2,'?',2,0,0,'?','?',6,6,8,4,6,-6,-12,12,-14,10,0,-12,8,16,-6,-6]
1829 4*a + 41 [-1,4,0,6,4,6,6,-8,6,2,'?','?',2,-6,'?','?',6,8,-10,-12,16,12,2,-2]
1831 -7*a - 40 [0,-4,-2,-8,-2,3,4,2,3,-5,-4,-5,-3,-4,0,-12,-7,-5,10,0,1,0,-1,4]
1831 7*a + 40 [-3,-1,3,10,-3,-5,5,8,2,-5,10,2,8,6,1,0,-10,14,10,4,-8,-10,-15,10]
1856 -8*a + 48 ['?',-2,2,10,4,0,4,-4,'?','?',8,8,10,6,-4,0,-6,-10,-4,8,4,-8,10,-14]
1856 -8*a + 48 ['?',4,-1,1,1,6,-5,8,'?','?',-4,-7,1,0,-4,12,6,8,5,8,1,10,-17,-8]
1856 -8*a + 48 ['?',4,-4,-2,4,-2,-4,0,'?','?',4,4,10,8,12,-10,4,-6,10,0,-14,16,6,14]
1856 -8*a + 48 ['?',4,3,5,-3,-2,3,0,'?','?',4,-3,-11,8,12,4,-10,8,-11,0,-7,2,-1,0]
1871 39*a - 14 [2,-2,0,-4,3,6,2,5,-6,-9,-7,5,0,9,0,-6,-10,8,0,15,5,-1,-15,-3]
1879 -9*a + 49 [0,-2,3,-2,0,3,0,1,7,6,-2,0,10,-2,12,0,14,-14,5,-13,8,-13,0,-14]
1881 39*a - 24 [2,'?',3,2,'?','?','?','?',-6,-3,-4,-4,-9,-9,-9,6,-4,-7,6,3,11,-1,3,6]
1900 40*a - 10 ['?',1,'?',6,-1,-2,'?','?',-1,8,-5,0,6,-4,1,3,13,3,-9,-5,9,-11,-6,-10]
1900 -40*a + 10 ['?',5,'?',0,2,-3,'?','?',10,-5,-3,7,2,2,-10,0,12,-8,7,-8,-15,-5,15,0]
1900 40*a - 10 ['?',2,'?',4,6,0,'?','?',0,6,-4,-4,12,-6,12,0,-10,-10,0,12,10,-8,18,-6]
1900 40*a - 10 ['?',-2,'?',0,2,4,'?','?',-4,2,4,0,-12,2,4,0,-2,6,0,-8,6,16,-6,14]
1900 -40*a + 10 ['?',-5,'?',-10,-3,2,'?','?',-5,0,7,-8,2,-8,-5,-5,-13,-3,-13,-3,5,-5,10,-10]
1900 40*a - 10 ['?',-2,'?',2,0,-4,'?','?',-2,-6,-8,-8,-10,10,4,4,-10,6,8,0,-4,-8,-2,-10]
1900 40*a - 10 ['?',5,'?',10,-3,2,'?','?',5,0,7,-8,2,-8,5,5,-13,-3,-13,-3,-5,5,-10,10]
1900 -40*a + 10 ['?',-1,'?',4,-6,3,'?','?',6,-3,5,5,6,6,-6,12,8,8,-9,0,1,1,-9,0]
1916 4*a + 42 ['?',3,-2,-1,-6,-6,2,-7,4,-9,10,7,-9,-10,0,-6,-5,-11,8,5,4,-9,12,-12]
1936 -40*a + 28 ['?',-2,0,-8,'?','?',-4,-2,6,-6,4,-2,-6,0,0,12,-10,-8,0,12,8,10,-6,-6]
1951 -40*a + 27 [1,-5,1,2,4,2,0,8,-8,-1,8,11,10,0,4,-11,0,12,-12,13,-4,-11,-6,-6]
1964 -40*a + 14 ['?',4,0,10,5,0,4,-1,3,-4,-6,-1,4,-6,12,-15,-3,1,9,10,-8,9,-4,3]
1969 -9*a - 41 [-1,-2,0,2,'?','?',-4,-4,-6,-6,8,-10,12,0,-6,0,8,-10,12,0,8,-10,-6,-6]
1975 -40*a + 15 [3,2,'?',6,-2,-4,-2,8,2,0,0,4,12,-10,8,0,12,-10,0,0,'?','?',-12,-12]
1975 40*a - 15 [-1,-4,'?',-4,2,-2,0,0,-6,4,-4,0,-6,2,-4,-12,-10,-14,-6,4,'?','?',0,0]
1980 -6*a + 48 ['?','?','?',2,'?','?',-1,-1,0,9,-1,-4,12,9,6,-9,8,-1,3,-6,-10,-4,-18,12]
1984 -40*a + 24 ['?',-2,4,-2,0,-2,6,-2,-4,6,'?','?',6,10,0,12,6,-4,-12,0,0,-8,6,10]
1996 -40*a + 18 ['?',5,-2,1,-5,-3,8,6,6,-2,-5,4,-6,-2,8,0,-8,13,12,4,17,12,-6,17]
